0.000000	 0.000000
0.001000	 0.010000
0.002000	 0.019980
0.003000	 0.029940
0.004000	 0.039880
0.005000	 0.049800
0.006000	 0.059701
0.007000	 0.069581
0.008000	 0.079442
0.009000	 0.089283
0.010000	 0.099105
0.011000	 0.108907
0.012000	 0.118689
0.013000	 0.128451
0.014000	 0.138194
0.015000	 0.147918
0.016000	 0.157622
0.017000	 0.167307
0.018000	 0.176972
0.019000	 0.186618
0.020000	 0.196245
0.021000	 0.205853
0.022000	 0.215441
0.023000	 0.225010
0.024000	 0.234560
0.025000	 0.244091
0.026000	 0.253603
0.027000	 0.263096
0.028000	 0.272569
0.029000	 0.282024
0.030000	 0.291460
0.031000	 0.300877
0.032000	 0.310276
0.033000	 0.319655
0.034000	 0.329016
0.035000	 0.338358
0.036000	 0.347681
0.037000	 0.356986
0.038000	 0.366272
0.039000	 0.375539
0.040000	 0.384788
0.041000	 0.394018
0.042000	 0.403230
0.043000	 0.412424
0.044000	 0.421599
0.045000	 0.430756
0.046000	 0.439894
0.047000	 0.449015
0.048000	 0.458117
0.049000	 0.467200
0.050000	 0.476266
0.051000	 0.485313
0.052000	 0.494343
0.053000	 0.503354
0.054000	 0.512347
0.055000	 0.521323
0.056000	 0.530280
0.057000	 0.539219
0.058000	 0.548141
0.059000	 0.557045
0.060000	 0.565931
0.061000	 0.574799
0.062000	 0.583649
0.063000	 0.592482
0.064000	 0.601297
0.065000	 0.610094
0.066000	 0.618874
0.067000	 0.627636
0.068000	 0.636381
0.069000	 0.645108
0.070000	 0.653818
0.071000	 0.662511
0.072000	 0.671185
0.073000	 0.679843
0.074000	 0.688483
0.075000	 0.697106
0.076000	 0.705712
0.077000	 0.714301
0.078000	 0.722872
0.079000	 0.731426
0.080000	 0.739964
0.081000	 0.748484
0.082000	 0.756987
0.083000	 0.765473
0.084000	 0.773942
0.085000	 0.782394
0.086000	 0.790829
0.087000	 0.799247
0.088000	 0.807649
0.089000	 0.816034
0.090000	 0.824402
0.091000	 0.832753
0.092000	 0.841087
0.093000	 0.849405
0.094000	 0.857706
0.095000	 0.865991
0.096000	 0.874259
0.097000	 0.882510
0.098000	 0.890745
0.099000	 0.898964
0.100000	 0.907166
0.101000	 0.915352
0.102000	 0.923521
0.103000	 0.931674
0.104000	 0.939811
0.105000	 0.947931
0.106000	 0.956035
0.107000	 0.964123
0.108000	 0.972195
0.109000	 0.980250
0.110000	 0.988290
0.111000	 0.996313
0.112000	 1.004321
0.113000	 1.012312
0.114000	 1.020287
0.115000	 1.028247
0.116000	 1.036190
0.117000	 1.044118
0.118000	 1.052030
0.119000	 1.059926
0.120000	 1.067806
0.121000	 1.075670
0.122000	 1.083519
0.123000	 1.091352
0.124000	 1.099169
0.125000	 1.106971
0.126000	 1.114757
0.127000	 1.122527
0.128000	 1.130282
0.129000	 1.138022
0.130000	 1.145746
0.131000	 1.153454
0.132000	 1.161147
0.133000	 1.168825
0.134000	 1.176487
0.135000	 1.184134
0.136000	 1.191766
0.137000	 1.199383
0.138000	 1.206984
0.139000	 1.214570
0.140000	 1.222141
0.141000	 1.229696
0.142000	 1.237237
0.143000	 1.244763
0.144000	 1.252273
0.145000	 1.259768
0.146000	 1.267249
0.147000	 1.274714
0.148000	 1.282165
0.149000	 1.289601
0.150000	 1.297021
0.151000	 1.304427
0.152000	 1.311819
0.153000	 1.319195
0.154000	 1.326557
0.155000	 1.333903
0.156000	 1.341236
0.157000	 1.348553
0.158000	 1.355856
0.159000	 1.363144
0.160000	 1.370418
0.161000	 1.377677
0.162000	 1.384922
0.163000	 1.392152
0.164000	 1.399368
0.165000	 1.406569
0.166000	 1.413756
0.167000	 1.420928
0.168000	 1.428086
0.169000	 1.435230
0.170000	 1.442360
0.171000	 1.449475
0.172000	 1.456576
0.173000	 1.463663
0.174000	 1.470736
0.175000	 1.477794
0.176000	 1.484839
0.177000	 1.491869
0.178000	 1.498885
0.179000	 1.505887
0.180000	 1.512876
0.181000	 1.519850
0.182000	 1.526810
0.183000	 1.533757
0.184000	 1.540689
0.185000	 1.547608
0.186000	 1.554512
0.187000	 1.561403
0.188000	 1.568281
0.189000	 1.575144
0.190000	 1.581994
0.191000	 1.588830
0.192000	 1.595652
0.193000	 1.602461
0.194000	 1.609256
0.195000	 1.616037
0.196000	 1.622805
0.197000	 1.629560
0.198000	 1.636301
0.199000	 1.643028
0.200000	 1.649742
0.201000	 1.656442
0.202000	 1.663130
0.203000	 1.669803
0.204000	 1.676464
0.205000	 1.683111
0.206000	 1.689745
0.207000	 1.696365
0.208000	 1.702972
0.209000	 1.709566
0.210000	 1.716147
0.211000	 1.722715
0.212000	 1.729270
0.213000	 1.735811
0.214000	 1.742339
0.215000	 1.748855
0.216000	 1.755357
0.217000	 1.761846
0.218000	 1.768323
0.219000	 1.774786
0.220000	 1.781236
0.221000	 1.787674
0.222000	 1.794099
0.223000	 1.800510
0.224000	 1.806909
0.225000	 1.813295
0.226000	 1.819669
0.227000	 1.826030
0.228000	 1.832378
0.229000	 1.838713
0.230000	 1.845035
0.231000	 1.851345
0.232000	 1.857643
0.233000	 1.863927
0.234000	 1.870199
0.235000	 1.876459
0.236000	 1.882706
0.237000	 1.888941
0.238000	 1.895163
0.239000	 1.901372
0.240000	 1.907570
0.241000	 1.913755
0.242000	 1.919927
0.243000	 1.926087
0.244000	 1.932235
0.245000	 1.938371
0.246000	 1.944494
0.247000	 1.950605
0.248000	 1.956704
0.249000	 1.962790
0.250000	 1.968865
0.251000	 1.974927
0.252000	 1.980977
0.253000	 1.987015
0.254000	 1.993041
0.255000	 1.999055
0.256000	 2.005057
0.257000	 2.011047
0.258000	 2.017025
0.259000	 2.022991
0.260000	 2.028945
0.261000	 2.034887
0.262000	 2.040817
0.263000	 2.046735
0.264000	 2.052642
0.265000	 2.058537
0.266000	 2.064420
0.267000	 2.070291
0.268000	 2.076150
0.269000	 2.081998
0.270000	 2.087834
0.271000	 2.093658
0.272000	 2.099471
0.273000	 2.105272
0.274000	 2.111061
0.275000	 2.116839
0.276000	 2.122606
0.277000	 2.128360
0.278000	 2.134104
0.279000	 2.139835
0.280000	 2.145556
0.281000	 2.151265
0.282000	 2.156962
0.283000	 2.162648
0.284000	 2.168323
0.285000	 2.173986
0.286000	 2.179638
0.287000	 2.185279
0.288000	 2.190908
0.289000	 2.196527
0.290000	 2.202134
0.291000	 2.207729
0.292000	 2.213314
0.293000	 2.218887
0.294000	 2.224449
0.295000	 2.230001
0.296000	 2.235541
0.297000	 2.241069
0.298000	 2.246587
0.299000	 2.252094
0.300000	 2.257590
0.301000	 2.263075
0.302000	 2.268549
0.303000	 2.274012
0.304000	 2.279464
0.305000	 2.284905
0.306000	 2.290335
0.307000	 2.295754
0.308000	 2.301163
0.309000	 2.306560
0.310000	 2.311947
0.311000	 2.317323
0.312000	 2.322689
0.313000	 2.328043
0.314000	 2.333387
0.315000	 2.338720
0.316000	 2.344043
0.317000	 2.349355
0.318000	 2.354656
0.319000	 2.359947
0.320000	 2.365227
0.321000	 2.370496
0.322000	 2.375755
0.323000	 2.381004
0.324000	 2.386242
0.325000	 2.391469
0.326000	 2.396687
0.327000	 2.401893
0.328000	 2.407089
0.329000	 2.412275
0.330000	 2.417451
0.331000	 2.422616
0.332000	 2.427771
0.333000	 2.432915
0.334000	 2.438049
0.335000	 2.443173
0.336000	 2.448287
0.337000	 2.453390
0.338000	 2.458483
0.339000	 2.463566
0.340000	 2.468639
0.341000	 2.473702
0.342000	 2.478755
0.343000	 2.483797
0.344000	 2.488829
0.345000	 2.493852
0.346000	 2.498864
0.347000	 2.503866
0.348000	 2.508859
0.349000	 2.513841
0.350000	 2.518813
0.351000	 2.523776
0.352000	 2.528728
0.353000	 2.533671
0.354000	 2.538603
0.355000	 2.543526
0.356000	 2.548439
0.357000	 2.553342
0.358000	 2.558235
0.359000	 2.563119
0.360000	 2.567993
0.361000	 2.572857
0.362000	 2.577711
0.363000	 2.582556
0.364000	 2.587391
0.365000	 2.592216
0.366000	 2.597031
0.367000	 2.601837
0.368000	 2.606634
0.369000	 2.611420
0.370000	 2.616197
0.371000	 2.620965
0.372000	 2.625723
0.373000	 2.630472
0.374000	 2.635211
0.375000	 2.639940
0.376000	 2.644660
0.377000	 2.649371
0.378000	 2.654072
0.379000	 2.658764
0.380000	 2.663447
0.381000	 2.668120
0.382000	 2.672784
0.383000	 2.677438
0.384000	 2.682083
0.385000	 2.686719
0.386000	 2.691346
0.387000	 2.695963
0.388000	 2.700571
0.389000	 2.705170
0.390000	 2.709759
0.391000	 2.714340
0.392000	 2.718911
0.393000	 2.723473
0.394000	 2.728026
0.395000	 2.732570
0.396000	 2.737105
0.397000	 2.741631
0.398000	 2.746148
0.399000	 2.750655
0.400000	 2.755154
0.401000	 2.759644
0.402000	 2.764125
0.403000	 2.768596
0.404000	 2.773059
0.405000	 2.777513
0.406000	 2.781958
0.407000	 2.786394
0.408000	 2.790821
0.409000	 2.795240
0.410000	 2.799649
0.411000	 2.804050
0.412000	 2.808442
0.413000	 2.812825
0.414000	 2.817199
0.415000	 2.821565
0.416000	 2.825922
0.417000	 2.830270
0.418000	 2.834609
0.419000	 2.838940
0.420000	 2.843262
0.421000	 2.847576
0.422000	 2.851881
0.423000	 2.856177
0.424000	 2.860464
0.425000	 2.864744
0.426000	 2.869014
0.427000	 2.873276
0.428000	 2.877529
0.429000	 2.881774
0.430000	 2.886011
0.431000	 2.890239
0.432000	 2.894458
0.433000	 2.898669
0.434000	 2.902872
0.435000	 2.907066
0.436000	 2.911252
0.437000	 2.915430
0.438000	 2.919599
0.439000	 2.923760
0.440000	 2.927912
0.441000	 2.932056
0.442000	 2.936192
0.443000	 2.940320
0.444000	 2.944439
0.445000	 2.948550
0.446000	 2.952653
0.447000	 2.956748
0.448000	 2.960834
0.449000	 2.964913
0.450000	 2.968983
0.451000	 2.973045
0.452000	 2.977099
0.453000	 2.981145
0.454000	 2.985182
0.455000	 2.989212
0.456000	 2.993234
0.457000	 2.997247
0.458000	 3.001253
0.459000	 3.005250
0.460000	 3.009240
0.461000	 3.013221
0.462000	 3.017195
0.463000	 3.021160
0.464000	 3.025118
0.465000	 3.029068
0.466000	 3.033010
0.467000	 3.036944
0.468000	 3.040870
0.469000	 3.044788
0.470000	 3.048698
0.471000	 3.052601
0.472000	 3.056496
0.473000	 3.060383
0.474000	 3.064262
0.475000	 3.068133
0.476000	 3.071997
0.477000	 3.075853
0.478000	 3.079702
0.479000	 3.083542
0.480000	 3.087375
0.481000	 3.091200
0.482000	 3.095018
0.483000	 3.098828
0.484000	 3.102630
0.485000	 3.106425
0.486000	 3.110212
0.487000	 3.113992
0.488000	 3.117764
0.489000	 3.121528
0.490000	 3.125285
0.491000	 3.129035
0.492000	 3.132776
0.493000	 3.136511
0.494000	 3.140238
0.495000	 3.143957
0.496000	 3.147669
0.497000	 3.151374
0.498000	 3.155071
0.499000	 3.158761
0.500000	 3.162444
0.501000	 3.166119
0.502000	 3.169787
0.503000	 3.173447
0.504000	 3.177100
0.505000	 3.180746
0.506000	 3.184384
0.507000	 3.188016
0.508000	 3.191640
0.509000	 3.195256
0.510000	 3.198866
0.511000	 3.202468
0.512000	 3.206063
0.513000	 3.209651
0.514000	 3.213232
0.515000	 3.216805
0.516000	 3.220372
0.517000	 3.223931
0.518000	 3.227483
0.519000	 3.231028
0.520000	 3.234566
0.521000	 3.238097
0.522000	 3.241621
0.523000	 3.245137
0.524000	 3.248647
0.525000	 3.252150
0.526000	 3.255646
0.527000	 3.259134
0.528000	 3.262616
0.529000	 3.266091
0.530000	 3.269559
0.531000	 3.273020
0.532000	 3.276473
0.533000	 3.279921
0.534000	 3.283361
0.535000	 3.286794
0.536000	 3.290220
0.537000	 3.293640
0.538000	 3.297053
0.539000	 3.300459
0.540000	 3.303858
0.541000	 3.307250
0.542000	 3.310635
0.543000	 3.314014
0.544000	 3.317386
0.545000	 3.320751
0.546000	 3.324110
0.547000	 3.327462
0.548000	 3.330807
0.549000	 3.334145
0.550000	 3.337477
0.551000	 3.340802
0.552000	 3.344120
0.553000	 3.347432
0.554000	 3.350737
0.555000	 3.354036
0.556000	 3.357328
0.557000	 3.360613
0.558000	 3.363892
0.559000	 3.367164
0.560000	 3.370430
0.561000	 3.373689
0.562000	 3.376941
0.563000	 3.380187
0.564000	 3.383427
0.565000	 3.386660
0.566000	 3.389887
0.567000	 3.393107
0.568000	 3.396321
0.569000	 3.399528
0.570000	 3.402729
0.571000	 3.405924
0.572000	 3.409112
0.573000	 3.412294
0.574000	 3.415469
0.575000	 3.418638
0.576000	 3.421801
0.577000	 3.424957
0.578000	 3.428107
0.579000	 3.431251
0.580000	 3.434389
0.581000	 3.437520
0.582000	 3.440645
0.583000	 3.443764
0.584000	 3.446876
0.585000	 3.449982
0.586000	 3.453082
0.587000	 3.456176
0.588000	 3.459264
0.589000	 3.462345
0.590000	 3.465421
0.591000	 3.468490
0.592000	 3.471553
0.593000	 3.474610
0.594000	 3.477660
0.595000	 3.480705
0.596000	 3.483744
0.597000	 3.486776
0.598000	 3.489803
0.599000	 3.492823
0.600000	 3.495837
0.601000	 3.498846
0.602000	 3.501848
0.603000	 3.504844
0.604000	 3.507835
0.605000	 3.510819
0.606000	 3.513797
0.607000	 3.516770
0.608000	 3.519736
0.609000	 3.522697
0.610000	 3.525651
0.611000	 3.528600
0.612000	 3.531543
0.613000	 3.534480
0.614000	 3.537411
0.615000	 3.540336
0.616000	 3.543255
0.617000	 3.546169
0.618000	 3.549076
0.619000	 3.551978
0.620000	 3.554874
0.621000	 3.557765
0.622000	 3.560649
0.623000	 3.563528
0.624000	 3.566401
0.625000	 3.569268
0.626000	 3.572129
0.627000	 3.574985
0.628000	 3.577835
0.629000	 3.580680
0.630000	 3.583518
0.631000	 3.586351
0.632000	 3.589178
0.633000	 3.592000
0.634000	 3.594816
0.635000	 3.597626
0.636000	 3.600431
0.637000	 3.603230
0.638000	 3.606024
0.639000	 3.608812
0.640000	 3.611594
0.641000	 3.614371
0.642000	 3.617142
0.643000	 3.619908
0.644000	 3.622668
0.645000	 3.625423
0.646000	 3.628172
0.647000	 3.630916
0.648000	 3.633654
0.649000	 3.636386
0.650000	 3.639114
0.651000	 3.641835
0.652000	 3.644552
0.653000	 3.647263
0.654000	 3.649968
0.655000	 3.652668
0.656000	 3.655363
0.657000	 3.658052
0.658000	 3.660736
0.659000	 3.663415
0.660000	 3.666088
0.661000	 3.668756
0.662000	 3.671418
0.663000	 3.674075
0.664000	 3.676727
0.665000	 3.679374
0.666000	 3.682015
0.667000	 3.684651
0.668000	 3.687282
0.669000	 3.689907
0.670000	 3.692527
0.671000	 3.695142
0.672000	 3.697752
0.673000	 3.700356
0.674000	 3.702956
0.675000	 3.705550
0.676000	 3.708139
0.677000	 3.710722
0.678000	 3.713301
0.679000	 3.715874
0.680000	 3.718443
0.681000	 3.721006
0.682000	 3.723564
0.683000	 3.726117
0.684000	 3.728664
0.685000	 3.731207
0.686000	 3.733745
0.687000	 3.736277
0.688000	 3.738805
0.689000	 3.741327
0.690000	 3.743844
0.691000	 3.746357
0.692000	 3.748864
0.693000	 3.751366
0.694000	 3.753863
0.695000	 3.756356
0.696000	 3.758843
0.697000	 3.761325
0.698000	 3.763803
0.699000	 3.766275
0.700000	 3.768742
0.701000	 3.771205
0.702000	 3.773663
0.703000	 3.776115
0.704000	 3.778563
0.705000	 3.781006
0.706000	 3.783444
0.707000	 3.785877
0.708000	 3.788305
0.709000	 3.790729
0.710000	 3.793147
0.711000	 3.795561
0.712000	 3.797970
0.713000	 3.800374
0.714000	 3.802773
0.715000	 3.805168
0.716000	 3.807557
0.717000	 3.809942
0.718000	 3.812322
0.719000	 3.814698
0.720000	 3.817068
0.721000	 3.819434
0.722000	 3.821795
0.723000	 3.824152
0.724000	 3.826503
0.725000	 3.828850
0.726000	 3.831193
0.727000	 3.833530
0.728000	 3.835863
0.729000	 3.838191
0.730000	 3.840515
0.731000	 3.842834
0.732000	 3.845148
0.733000	 3.847458
0.734000	 3.849763
0.735000	 3.852064
0.736000	 3.854359
0.737000	 3.856651
0.738000	 3.858937
0.739000	 3.861220
0.740000	 3.863497
0.741000	 3.865770
0.742000	 3.868039
0.743000	 3.870302
0.744000	 3.872562
0.745000	 3.874817
0.746000	 3.877067
0.747000	 3.879313
0.748000	 3.881554
0.749000	 3.883791
0.750000	 3.886024
0.751000	 3.888252
0.752000	 3.890475
0.753000	 3.892694
0.754000	 3.894909
0.755000	 3.897119
0.756000	 3.899325
0.757000	 3.901526
0.758000	 3.903723
0.759000	 3.905916
0.760000	 3.908104
0.761000	 3.910288
0.762000	 3.912467
0.763000	 3.914642
0.764000	 3.916813
0.765000	 3.918979
0.766000	 3.921141
0.767000	 3.923299
0.768000	 3.925452
0.769000	 3.927601
0.770000	 3.929746
0.771000	 3.931887
0.772000	 3.934023
0.773000	 3.936155
0.774000	 3.938283
0.775000	 3.940406
0.776000	 3.942525
0.777000	 3.944640
0.778000	 3.946751
0.779000	 3.948857
0.780000	 3.950960
0.781000	 3.953058
0.782000	 3.955152
0.783000	 3.957241
0.784000	 3.959327
0.785000	 3.961408
0.786000	 3.963485
0.787000	 3.965558
0.788000	 3.967627
0.789000	 3.969692
0.790000	 3.971753
0.791000	 3.973809
0.792000	 3.975861
0.793000	 3.977910
0.794000	 3.979954
0.795000	 3.981994
0.796000	 3.984030
0.797000	 3.986062
0.798000	 3.988090
0.799000	 3.990114
0.800000	 3.992133
0.801000	 3.994149
0.802000	 3.996161
0.803000	 3.998169
0.804000	 4.000172
0.805000	 4.002172
0.806000	 4.004168
0.807000	 4.006159
0.808000	 4.008147
0.809000	 4.010131
0.810000	 4.012110
0.811000	 4.014086
0.812000	 4.016058
0.813000	 4.018026
0.814000	 4.019990
0.815000	 4.021950
0.816000	 4.023906
0.817000	 4.025858
0.818000	 4.027806
0.819000	 4.029751
0.820000	 4.031691
0.821000	 4.033628
0.822000	 4.035561
0.823000	 4.037489
0.824000	 4.039415
0.825000	 4.041336
0.826000	 4.043253
0.827000	 4.045166
0.828000	 4.047076
0.829000	 4.048982
0.830000	 4.050884
0.831000	 4.052782
0.832000	 4.054677
0.833000	 4.056567
0.834000	 4.058454
0.835000	 4.060337
0.836000	 4.062217
0.837000	 4.064092
0.838000	 4.065964
0.839000	 4.067832
0.840000	 4.069696
0.841000	 4.071557
0.842000	 4.073414
0.843000	 4.075267
0.844000	 4.077117
0.845000	 4.078962
0.846000	 4.080804
0.847000	 4.082643
0.848000	 4.084478
0.849000	 4.086309
0.850000	 4.088136
0.851000	 4.089960
0.852000	 4.091780
0.853000	 4.093596
0.854000	 4.095409
0.855000	 4.097218
0.856000	 4.099024
0.857000	 4.100826
0.858000	 4.102624
0.859000	 4.104419
0.860000	 4.106210
0.861000	 4.107998
0.862000	 4.109782
0.863000	 4.111562
0.864000	 4.113339
0.865000	 4.115112
0.866000	 4.116882
0.867000	 4.118648
0.868000	 4.120411
0.869000	 4.122170
0.870000	 4.123926
0.871000	 4.125678
0.872000	 4.127427
0.873000	 4.129172
0.874000	 4.130913
0.875000	 4.132652
0.876000	 4.134386
0.877000	 4.136117
0.878000	 4.137845
0.879000	 4.139570
0.880000	 4.141290
0.881000	 4.143008
0.882000	 4.144722
0.883000	 4.146432
0.884000	 4.148139
0.885000	 4.149843
0.886000	 4.151543
0.887000	 4.153240
0.888000	 4.154934
0.889000	 4.156624
0.890000	 4.158311
0.891000	 4.159994
0.892000	 4.161674
0.893000	 4.163351
0.894000	 4.165024
0.895000	 4.166694
0.896000	 4.168361
0.897000	 4.170024
0.898000	 4.171684
0.899000	 4.173341
0.900000	 4.174994
0.901000	 4.176644
0.902000	 4.178291
0.903000	 4.179934
0.904000	 4.181574
0.905000	 4.183211
0.906000	 4.184845
0.907000	 4.186475
0.908000	 4.188102
0.909000	 4.189726
0.910000	 4.191346
0.911000	 4.192964
0.912000	 4.194578
0.913000	 4.196189
0.914000	 4.197796
0.915000	 4.199401
0.916000	 4.201002
0.917000	 4.202600
0.918000	 4.204195
0.919000	 4.205786
0.920000	 4.207375
0.921000	 4.208960
0.922000	 4.210542
0.923000	 4.212121
0.924000	 4.213697
0.925000	 4.215269
0.926000	 4.216839
0.927000	 4.218405
0.928000	 4.219968
0.929000	 4.221528
0.930000	 4.223085
0.931000	 4.224639
0.932000	 4.226190
0.933000	 4.227737
0.934000	 4.229282
0.935000	 4.230823
0.936000	 4.232362
0.937000	 4.233897
0.938000	 4.235429
0.939000	 4.236958
0.940000	 4.238484
0.941000	 4.240007
0.942000	 4.241527
0.943000	 4.243044
0.944000	 4.244558
0.945000	 4.246069
0.946000	 4.247577
0.947000	 4.249082
0.948000	 4.250584
0.949000	 4.252083
0.950000	 4.253578
0.951000	 4.255071
0.952000	 4.256561
0.953000	 4.258048
0.954000	 4.259532
0.955000	 4.261013
0.956000	 4.262491
0.957000	 4.263966
0.958000	 4.265438
0.959000	 4.266907
0.960000	 4.268373
0.961000	 4.269836
0.962000	 4.271297
0.963000	 4.272754
0.964000	 4.274209
0.965000	 4.275660
0.966000	 4.277109
0.967000	 4.278555
0.968000	 4.279998
0.969000	 4.281438
0.970000	 4.282875
0.971000	 4.284309
0.972000	 4.285740
0.973000	 4.287169
0.974000	 4.288595
0.975000	 4.290017
0.976000	 4.291437
0.977000	 4.292854
0.978000	 4.294269
0.979000	 4.295680
0.980000	 4.297089
0.981000	 4.298495
0.982000	 4.299898
0.983000	 4.301298
0.984000	 4.302695
0.985000	 4.304090
0.986000	 4.305482
0.987000	 4.306871
0.988000	 4.308257
0.989000	 4.309640
0.990000	 4.311021
0.991000	 4.312399
0.992000	 4.313774
0.993000	 4.315147
0.994000	 4.316516
0.995000	 4.317883
0.996000	 4.319248
0.997000	 4.320609
0.998000	 4.321968
0.999000	 4.323324
1.000000	 4.324677
1.001000	 4.326028
1.002000	 4.327376
1.003000	 4.328721
1.004000	 4.330064
1.005000	 4.331404
1.006000	 4.332741
1.007000	 4.334075
1.008000	 4.335407
1.009000	 4.336736
1.010000	 4.338063
1.011000	 4.339387
1.012000	 4.340708
1.013000	 4.342027
1.014000	 4.343343
1.015000	 4.344656
1.016000	 4.345967
1.017000	 4.347275
1.018000	 4.348580
1.019000	 4.349883
1.020000	 4.351183
1.021000	 4.352481
1.022000	 4.353776
1.023000	 4.355068
1.024000	 4.356358
1.025000	 4.357645
1.026000	 4.358930
1.027000	 4.360212
1.028000	 4.361492
1.029000	 4.362769
1.030000	 4.364043
1.031000	 4.365315
1.032000	 4.366585
1.033000	 4.367851
1.034000	 4.369116
1.035000	 4.370378
1.036000	 4.371637
1.037000	 4.372893
1.038000	 4.374148
1.039000	 4.375399
1.040000	 4.376649
1.041000	 4.377895
1.042000	 4.379140
1.043000	 4.380381
1.044000	 4.381620
1.045000	 4.382857
1.046000	 4.384092
1.047000	 4.385323
1.048000	 4.386553
1.049000	 4.387780
1.050000	 4.389004
1.051000	 4.390226
1.052000	 4.391446
1.053000	 4.392663
1.054000	 4.393877
1.055000	 4.395090
1.056000	 4.396299
1.057000	 4.397507
1.058000	 4.398712
1.059000	 4.399914
1.060000	 4.401115
1.061000	 4.402312
1.062000	 4.403508
1.063000	 4.404701
1.064000	 4.405891
1.065000	 4.407079
1.066000	 4.408265
1.067000	 4.409449
1.068000	 4.410630
1.069000	 4.411809
1.070000	 4.412985
1.071000	 4.414159
1.072000	 4.415331
1.073000	 4.416500
1.074000	 4.417667
1.075000	 4.418832
1.076000	 4.419994
1.077000	 4.421154
1.078000	 4.422312
1.079000	 4.423467
1.080000	 4.424620
1.081000	 4.425771
1.082000	 4.426919
1.083000	 4.428066
1.084000	 4.429209
1.085000	 4.430351
1.086000	 4.431490
1.087000	 4.432627
1.088000	 4.433762
1.089000	 4.434895
1.090000	 4.436025
1.091000	 4.437153
1.092000	 4.438278
1.093000	 4.439402
1.094000	 4.440523
1.095000	 4.441642
1.096000	 4.442759
1.097000	 4.443873
1.098000	 4.444985
1.099000	 4.446096
1.100000	 4.447203
1.101000	 4.448309
1.102000	 4.449412
1.103000	 4.450513
1.104000	 4.451612
1.105000	 4.452709
1.106000	 4.453804
1.107000	 4.454896
1.108000	 4.455986
1.109000	 4.457074
1.110000	 4.458160
1.111000	 4.459244
1.112000	 4.460325
1.113000	 4.461405
1.114000	 4.462482
1.115000	 4.463557
1.116000	 4.464630
1.117000	 4.465701
1.118000	 4.466769
1.119000	 4.467836
1.120000	 4.468900
1.121000	 4.469962
1.122000	 4.471022
1.123000	 4.472080
1.124000	 4.473136
1.125000	 4.474190
1.126000	 4.475241
1.127000	 4.476291
1.128000	 4.477338
1.129000	 4.478384
1.130000	 4.479427
1.131000	 4.480468
1.132000	 4.481507
1.133000	 4.482544
1.134000	 4.483579
1.135000	 4.484612
1.136000	 4.485643
1.137000	 4.486671
1.138000	 4.487698
1.139000	 4.488723
1.140000	 4.489745
1.141000	 4.490766
1.142000	 4.491784
1.143000	 4.492801
1.144000	 4.493815
1.145000	 4.494827
1.146000	 4.495838
1.147000	 4.496846
1.148000	 4.497852
1.149000	 4.498857
1.150000	 4.499859
1.151000	 4.500859
1.152000	 4.501858
1.153000	 4.502854
1.154000	 4.503848
1.155000	 4.504840
1.156000	 4.505831
1.157000	 4.506819
1.158000	 4.507805
1.159000	 4.508790
1.160000	 4.509772
1.161000	 4.510753
1.162000	 4.511731
1.163000	 4.512708
1.164000	 4.513682
1.165000	 4.514655
1.166000	 4.515626
1.167000	 4.516594
1.168000	 4.517561
1.169000	 4.518526
1.170000	 4.519489
1.171000	 4.520450
1.172000	 4.521409
1.173000	 4.522366
1.174000	 4.523322
1.175000	 4.524275
1.176000	 4.525226
1.177000	 4.526176
1.178000	 4.527124
1.179000	 4.528069
1.180000	 4.529013
1.181000	 4.529955
1.182000	 4.530895
1.183000	 4.531833
1.184000	 4.532770
1.185000	 4.533704
1.186000	 4.534637
1.187000	 4.535568
1.188000	 4.536496
1.189000	 4.537423
1.190000	 4.538349
1.191000	 4.539272
1.192000	 4.540193
1.193000	 4.541113
1.194000	 4.542031
1.195000	 4.542947
1.196000	 4.543861
1.197000	 4.544773
1.198000	 4.545684
1.199000	 4.546592
1.200000	 4.547499
1.201000	 4.548404
1.202000	 4.549307
1.203000	 4.550209
1.204000	 4.551108
1.205000	 4.552006
1.206000	 4.552902
1.207000	 4.553796
1.208000	 4.554689
1.209000	 4.555579
1.210000	 4.556468
1.211000	 4.557355
1.212000	 4.558240
1.213000	 4.559124
1.214000	 4.560006
1.215000	 4.560886
1.216000	 4.561764
1.217000	 4.562640
1.218000	 4.563515
1.219000	 4.564388
1.220000	 4.565259
1.221000	 4.566129
1.222000	 4.566996
1.223000	 4.567862
1.224000	 4.568727
1.225000	 4.569589
1.226000	 4.570450
1.227000	 4.571309
1.228000	 4.572167
1.229000	 4.573022
1.230000	 4.573876
1.231000	 4.574728
1.232000	 4.575579
1.233000	 4.576428
1.234000	 4.577275
1.235000	 4.578120
1.236000	 4.578964
1.237000	 4.579806
1.238000	 4.580647
1.239000	 4.581485
1.240000	 4.582322
1.241000	 4.583158
1.242000	 4.583991
1.243000	 4.584823
1.244000	 4.585654
1.245000	 4.586482
1.246000	 4.587310
1.247000	 4.588135
1.248000	 4.588959
1.249000	 4.589781
1.250000	 4.590601
1.251000	 4.591420
1.252000	 4.592237
1.253000	 4.593053
1.254000	 4.593867
1.255000	 4.594679
1.256000	 4.595489
1.257000	 4.596298
1.258000	 4.597106
1.259000	 4.597912
1.260000	 4.598716
1.261000	 4.599518
1.262000	 4.600319
1.263000	 4.601119
1.264000	 4.601916
1.265000	 4.602713
1.266000	 4.603507
1.267000	 4.604300
1.268000	 4.605092
1.269000	 4.605881
1.270000	 4.606670
1.271000	 4.607456
1.272000	 4.608241
1.273000	 4.609025
1.274000	 4.609807
1.275000	 4.610587
1.276000	 4.611366
1.277000	 4.612143
1.278000	 4.612919
1.279000	 4.613693
1.280000	 4.614466
1.281000	 4.615237
1.282000	 4.616006
1.283000	 4.616774
1.284000	 4.617541
1.285000	 4.618306
1.286000	 4.619069
1.287000	 4.619831
1.288000	 4.620591
1.289000	 4.621350
1.290000	 4.622108
1.291000	 4.622863
1.292000	 4.623618
1.293000	 4.624370
1.294000	 4.625122
1.295000	 4.625871
1.296000	 4.626620
1.297000	 4.627366
1.298000	 4.628112
1.299000	 4.628855
1.300000	 4.629598
1.301000	 4.630339
1.302000	 4.631078
1.303000	 4.631816
1.304000	 4.632552
1.305000	 4.633287
1.306000	 4.634020
1.307000	 4.634752
1.308000	 4.635483
1.309000	 4.636212
1.310000	 4.636939
1.311000	 4.637666
1.312000	 4.638390
1.313000	 4.639113
1.314000	 4.639835
1.315000	 4.640556
1.316000	 4.641274
1.317000	 4.641992
1.318000	 4.642708
1.319000	 4.643422
1.320000	 4.644136
1.321000	 4.644847
1.322000	 4.645558
1.323000	 4.646267
1.324000	 4.646974
1.325000	 4.647680
1.326000	 4.648385
1.327000	 4.649088
1.328000	 4.649790
1.329000	 4.650490
1.330000	 4.651189
1.331000	 4.651887
1.332000	 4.652583
1.333000	 4.653278
1.334000	 4.653971
1.335000	 4.654663
1.336000	 4.655354
1.337000	 4.656043
1.338000	 4.656731
1.339000	 4.657418
1.340000	 4.658103
1.341000	 4.658787
1.342000	 4.659469
1.343000	 4.660150
1.344000	 4.660830
1.345000	 4.661508
1.346000	 4.662185
1.347000	 4.662861
1.348000	 4.663535
1.349000	 4.664208
1.350000	 4.664880
1.351000	 4.665550
1.352000	 4.666219
1.353000	 4.666886
1.354000	 4.667553
1.355000	 4.668218
1.356000	 4.668881
1.357000	 4.669543
1.358000	 4.670204
1.359000	 4.670864
1.360000	 4.671522
1.361000	 4.672179
1.362000	 4.672835
1.363000	 4.673489
1.364000	 4.674142
1.365000	 4.674794
1.366000	 4.675444
1.367000	 4.676093
1.368000	 4.676741
1.369000	 4.677388
1.370000	 4.678033
1.371000	 4.678677
1.372000	 4.679319
1.373000	 4.679961
1.374000	 4.680601
1.375000	 4.681240
1.376000	 4.681877
1.377000	 4.682513
1.378000	 4.683148
1.379000	 4.683782
1.380000	 4.684415
1.381000	 4.685046
1.382000	 4.685676
1.383000	 4.686304
1.384000	 4.686932
1.385000	 4.687558
1.386000	 4.688183
1.387000	 4.688806
1.388000	 4.689429
1.389000	 4.690050
1.390000	 4.690670
1.391000	 4.691288
1.392000	 4.691906
1.393000	 4.692522
1.394000	 4.693137
1.395000	 4.693751
1.396000	 4.694363
1.397000	 4.694974
1.398000	 4.695585
1.399000	 4.696193
1.400000	 4.696801
1.401000	 4.697407
1.402000	 4.698013
1.403000	 4.698617
1.404000	 4.699219
1.405000	 4.699821
1.406000	 4.700421
1.407000	 4.701020
1.408000	 4.701618
1.409000	 4.702215
1.410000	 4.702811
1.411000	 4.703405
1.412000	 4.703998
1.413000	 4.704590
1.414000	 4.705181
1.415000	 4.705771
1.416000	 4.706359
1.417000	 4.706946
1.418000	 4.707533
1.419000	 4.708117
1.420000	 4.708701
1.421000	 4.709284
1.422000	 4.709865
1.423000	 4.710446
1.424000	 4.711025
1.425000	 4.711603
1.426000	 4.712179
1.427000	 4.712755
1.428000	 4.713330
1.429000	 4.713903
1.430000	 4.714475
1.431000	 4.715046
1.432000	 4.715616
1.433000	 4.716185
1.434000	 4.716752
1.435000	 4.717319
1.436000	 4.717884
1.437000	 4.718449
1.438000	 4.719012
1.439000	 4.719574
1.440000	 4.720134
1.441000	 4.720694
1.442000	 4.721253
1.443000	 4.721810
1.444000	 4.722367
1.445000	 4.722922
1.446000	 4.723476
1.447000	 4.724029
1.448000	 4.724581
1.449000	 4.725132
1.450000	 4.725682
1.451000	 4.726230
1.452000	 4.726778
1.453000	 4.727324
1.454000	 4.727870
1.455000	 4.728414
1.456000	 4.728957
1.457000	 4.729499
1.458000	 4.730040
1.459000	 4.730580
1.460000	 4.731119
1.461000	 4.731657
1.462000	 4.732193
1.463000	 4.732729
1.464000	 4.733263
1.465000	 4.733797
1.466000	 4.734329
1.467000	 4.734861
1.468000	 4.735391
1.469000	 4.735920
1.470000	 4.736448
1.471000	 4.736975
1.472000	 4.737502
1.473000	 4.738027
1.474000	 4.738550
1.475000	 4.739073
1.476000	 4.739595
1.477000	 4.740116
1.478000	 4.740636
1.479000	 4.741155
1.480000	 4.741672
1.481000	 4.742189
1.482000	 4.742704
1.483000	 4.743219
1.484000	 4.743733
1.485000	 4.744245
1.486000	 4.744757
1.487000	 4.745267
1.488000	 4.745777
1.489000	 4.746285
1.490000	 4.746793
1.491000	 4.747299
1.492000	 4.747804
1.493000	 4.748309
1.494000	 4.748812
1.495000	 4.749314
1.496000	 4.749816
1.497000	 4.750316
1.498000	 4.750816
1.499000	 4.751314
1.500000	 4.751811
1.501000	 4.752308
1.502000	 4.752803
1.503000	 4.753297
1.504000	 4.753791
1.505000	 4.754283
1.506000	 4.754775
1.507000	 4.755265
1.508000	 4.755755
1.509000	 4.756243
1.510000	 4.756731
1.511000	 4.757217
1.512000	 4.757703
1.513000	 4.758187
1.514000	 4.758671
1.515000	 4.759154
1.516000	 4.759635
1.517000	 4.760116
1.518000	 4.760596
1.519000	 4.761075
1.520000	 4.761553
1.521000	 4.762029
1.522000	 4.762505
1.523000	 4.762980
1.524000	 4.763454
1.525000	 4.763927
1.526000	 4.764400
1.527000	 4.764871
1.528000	 4.765341
1.529000	 4.765810
1.530000	 4.766279
1.531000	 4.766746
1.532000	 4.767213
1.533000	 4.767678
1.534000	 4.768143
1.535000	 4.768607
1.536000	 4.769069
1.537000	 4.769531
1.538000	 4.769992
1.539000	 4.770452
1.540000	 4.770911
1.541000	 4.771370
1.542000	 4.771827
1.543000	 4.772283
1.544000	 4.772739
1.545000	 4.773193
1.546000	 4.773647
1.547000	 4.774099
1.548000	 4.774551
1.549000	 4.775002
1.550000	 4.775452
1.551000	 4.775901
1.552000	 4.776349
1.553000	 4.776797
1.554000	 4.777243
1.555000	 4.777689
1.556000	 4.778133
1.557000	 4.778577
1.558000	 4.779020
1.559000	 4.779462
1.560000	 4.779903
1.561000	 4.780343
1.562000	 4.780782
1.563000	 4.781221
1.564000	 4.781658
1.565000	 4.782095
1.566000	 4.782531
1.567000	 4.782966
1.568000	 4.783400
1.569000	 4.783833
1.570000	 4.784265
1.571000	 4.784697
1.572000	 4.785127
1.573000	 4.785557
1.574000	 4.785986
1.575000	 4.786414
1.576000	 4.786841
1.577000	 4.787268
1.578000	 4.787693
1.579000	 4.788118
1.580000	 4.788541
1.581000	 4.788964
1.582000	 4.789386
1.583000	 4.789808
1.584000	 4.790228
1.585000	 4.790648
1.586000	 4.791066
1.587000	 4.791484
1.588000	 4.791901
1.589000	 4.792317
1.590000	 4.792733
1.591000	 4.793147
1.592000	 4.793561
1.593000	 4.793974
1.594000	 4.794386
1.595000	 4.794797
1.596000	 4.795208
1.597000	 4.795617
1.598000	 4.796026
1.599000	 4.796434
1.600000	 4.796841
1.601000	 4.797247
1.602000	 4.797653
1.603000	 4.798058
1.604000	 4.798461
1.605000	 4.798864
1.606000	 4.799267
1.607000	 4.799668
1.608000	 4.800069
1.609000	 4.800469
1.610000	 4.800868
1.611000	 4.801266
1.612000	 4.801664
1.613000	 4.802060
1.614000	 4.802456
1.615000	 4.802851
1.616000	 4.803245
1.617000	 4.803639
1.618000	 4.804032
1.619000	 4.804424
1.620000	 4.804815
1.621000	 4.805205
1.622000	 4.805595
1.623000	 4.805984
1.624000	 4.806372
1.625000	 4.806759
1.626000	 4.807145
1.627000	 4.807531
1.628000	 4.807916
1.629000	 4.808300
1.630000	 4.808684
1.631000	 4.809066
1.632000	 4.809448
1.633000	 4.809829
1.634000	 4.810210
1.635000	 4.810589
1.636000	 4.810968
1.637000	 4.811346
1.638000	 4.811723
1.639000	 4.812100
1.640000	 4.812476
1.641000	 4.812851
1.642000	 4.813225
1.643000	 4.813599
1.644000	 4.813971
1.645000	 4.814343
1.646000	 4.814715
1.647000	 4.815085
1.648000	 4.815455
1.649000	 4.815824
1.650000	 4.816193
1.651000	 4.816560
1.652000	 4.816927
1.653000	 4.817293
1.654000	 4.817659
1.655000	 4.818023
1.656000	 4.818387
1.657000	 4.818750
1.658000	 4.819113
1.659000	 4.819475
1.660000	 4.819836
1.661000	 4.820196
1.662000	 4.820556
1.663000	 4.820915
1.664000	 4.821273
1.665000	 4.821630
1.666000	 4.821987
1.667000	 4.822343
1.668000	 4.822698
1.669000	 4.823053
1.670000	 4.823407
1.671000	 4.823760
1.672000	 4.824112
1.673000	 4.824464
1.674000	 4.824815
1.675000	 4.825166
1.676000	 4.825515
1.677000	 4.825864
1.678000	 4.826213
1.679000	 4.826560
1.680000	 4.826907
1.681000	 4.827253
1.682000	 4.827599
1.683000	 4.827944
1.684000	 4.828288
1.685000	 4.828631
1.686000	 4.828974
1.687000	 4.829316
1.688000	 4.829657
1.689000	 4.829998
1.690000	 4.830338
1.691000	 4.830677
1.692000	 4.831016
1.693000	 4.831354
1.694000	 4.831691
1.695000	 4.832028
1.696000	 4.832364
1.697000	 4.832699
1.698000	 4.833034
1.699000	 4.833368
1.700000	 4.833701
1.701000	 4.834033
1.702000	 4.834365
1.703000	 4.834697
1.704000	 4.835027
1.705000	 4.835357
1.706000	 4.835686
1.707000	 4.836015
1.708000	 4.836343
1.709000	 4.836670
1.710000	 4.836997
1.711000	 4.837323
1.712000	 4.837648
1.713000	 4.837973
1.714000	 4.838297
1.715000	 4.838621
1.716000	 4.838943
1.717000	 4.839265
1.718000	 4.839587
1.719000	 4.839908
1.720000	 4.840228
1.721000	 4.840547
1.722000	 4.840866
1.723000	 4.841185
1.724000	 4.841502
1.725000	 4.841819
1.726000	 4.842136
1.727000	 4.842451
1.728000	 4.842766
1.729000	 4.843081
1.730000	 4.843395
1.731000	 4.843708
1.732000	 4.844021
1.733000	 4.844332
1.734000	 4.844644
1.735000	 4.844955
1.736000	 4.845265
1.737000	 4.845574
1.738000	 4.845883
1.739000	 4.846191
1.740000	 4.846499
1.741000	 4.846806
1.742000	 4.847112
1.743000	 4.847418
1.744000	 4.847723
1.745000	 4.848028
1.746000	 4.848332
1.747000	 4.848635
1.748000	 4.848938
1.749000	 4.849240
1.750000	 4.849541
1.751000	 4.849842
1.752000	 4.850143
1.753000	 4.850442
1.754000	 4.850741
1.755000	 4.851040
1.756000	 4.851338
1.757000	 4.851635
1.758000	 4.851932
1.759000	 4.852228
1.760000	 4.852524
1.761000	 4.852819
1.762000	 4.853113
1.763000	 4.853407
1.764000	 4.853700
1.765000	 4.853992
1.766000	 4.854284
1.767000	 4.854576
1.768000	 4.854867
1.769000	 4.855157
1.770000	 4.855447
1.771000	 4.855736
1.772000	 4.856024
1.773000	 4.856312
1.774000	 4.856600
1.775000	 4.856886
1.776000	 4.857173
1.777000	 4.857458
1.778000	 4.857743
1.779000	 4.858028
1.780000	 4.858312
1.781000	 4.858595
1.782000	 4.858878
1.783000	 4.859160
1.784000	 4.859442
1.785000	 4.859723
1.786000	 4.860004
1.787000	 4.860284
1.788000	 4.860563
1.789000	 4.860842
1.790000	 4.861120
1.791000	 4.861398
1.792000	 4.861675
1.793000	 4.861952
1.794000	 4.862228
1.795000	 4.862504
1.796000	 4.862779
1.797000	 4.863053
1.798000	 4.863327
1.799000	 4.863600
1.800000	 4.863873
1.801000	 4.864145
1.802000	 4.864417
1.803000	 4.864688
1.804000	 4.864959
1.805000	 4.865229
1.806000	 4.865498
1.807000	 4.865767
1.808000	 4.866036
1.809000	 4.866304
1.810000	 4.866571
1.811000	 4.866838
1.812000	 4.867104
1.813000	 4.867370
1.814000	 4.867635
1.815000	 4.867900
1.816000	 4.868164
1.817000	 4.868428
1.818000	 4.868691
1.819000	 4.868954
1.820000	 4.869216
1.821000	 4.869477
1.822000	 4.869738
1.823000	 4.869999
1.824000	 4.870259
1.825000	 4.870518
1.826000	 4.870777
1.827000	 4.871036
1.828000	 4.871294
1.829000	 4.871551
1.830000	 4.871808
1.831000	 4.872064
1.832000	 4.872320
1.833000	 4.872576
1.834000	 4.872831
1.835000	 4.873085
1.836000	 4.873339
1.837000	 4.873592
1.838000	 4.873845
1.839000	 4.874097
1.840000	 4.874349
1.841000	 4.874600
1.842000	 4.874851
1.843000	 4.875101
1.844000	 4.875351
1.845000	 4.875600
1.846000	 4.875849
1.847000	 4.876098
1.848000	 4.876345
1.849000	 4.876593
1.850000	 4.876840
1.851000	 4.877086
1.852000	 4.877332
1.853000	 4.877577
1.854000	 4.877822
1.855000	 4.878066
1.856000	 4.878310
1.857000	 4.878553
1.858000	 4.878796
1.859000	 4.879039
1.860000	 4.879281
1.861000	 4.879522
1.862000	 4.879763
1.863000	 4.880004
1.864000	 4.880244
1.865000	 4.880483
1.866000	 4.880722
1.867000	 4.880961
1.868000	 4.881199
1.869000	 4.881436
1.870000	 4.881673
1.871000	 4.881910
1.872000	 4.882146
1.873000	 4.882382
1.874000	 4.882617
1.875000	 4.882852
1.876000	 4.883086
1.877000	 4.883320
1.878000	 4.883553
1.879000	 4.883786
1.880000	 4.884019
1.881000	 4.884251
1.882000	 4.884482
1.883000	 4.884713
1.884000	 4.884944
1.885000	 4.885174
1.886000	 4.885404
1.887000	 4.885633
1.888000	 4.885862
1.889000	 4.886090
1.890000	 4.886318
1.891000	 4.886545
1.892000	 4.886772
1.893000	 4.886998
1.894000	 4.887224
1.895000	 4.887450
1.896000	 4.887675
1.897000	 4.887900
1.898000	 4.888124
1.899000	 4.888348
1.900000	 4.888571
1.901000	 4.888794
1.902000	 4.889016
1.903000	 4.889238
1.904000	 4.889460
1.905000	 4.889681
1.906000	 4.889901
1.907000	 4.890122
1.908000	 4.890341
1.909000	 4.890561
1.910000	 4.890780
1.911000	 4.890998
1.912000	 4.891216
1.913000	 4.891434
1.914000	 4.891651
1.915000	 4.891867
1.916000	 4.892084
1.917000	 4.892300
1.918000	 4.892515
1.919000	 4.892730
1.920000	 4.892944
1.921000	 4.893159
1.922000	 4.893372
1.923000	 4.893585
1.924000	 4.893798
1.925000	 4.894011
1.926000	 4.894223
1.927000	 4.894434
1.928000	 4.894645
1.929000	 4.894856
1.930000	 4.895066
1.931000	 4.895276
1.932000	 4.895486
1.933000	 4.895695
1.934000	 4.895903
1.935000	 4.896112
1.936000	 4.896319
1.937000	 4.896527
1.938000	 4.896734
1.939000	 4.896940
1.940000	 4.897146
1.941000	 4.897352
1.942000	 4.897557
1.943000	 4.897762
1.944000	 4.897967
1.945000	 4.898171
1.946000	 4.898374
1.947000	 4.898578
1.948000	 4.898780
1.949000	 4.898983
1.950000	 4.899185
1.951000	 4.899387
1.952000	 4.899588
1.953000	 4.899789
1.954000	 4.899989
1.955000	 4.900189
1.956000	 4.900389
1.957000	 4.900588
1.958000	 4.900787
1.959000	 4.900985
1.960000	 4.901183
1.961000	 4.901381
1.962000	 4.901578
1.963000	 4.901775
1.964000	 4.901971
1.965000	 4.902167
1.966000	 4.902363
1.967000	 4.902558
1.968000	 4.902753
1.969000	 4.902948
1.970000	 4.903142
1.971000	 4.903336
1.972000	 4.903529
1.973000	 4.903722
1.974000	 4.903914
1.975000	 4.904107
1.976000	 4.904298
1.977000	 4.904490
1.978000	 4.904681
1.979000	 4.904871
1.980000	 4.905062
1.981000	 4.905252
1.982000	 4.905441
1.983000	 4.905630
1.984000	 4.905819
1.985000	 4.906007
1.986000	 4.906195
1.987000	 4.906383
1.988000	 4.906570
1.989000	 4.906757
1.990000	 4.906943
1.991000	 4.907130
1.992000	 4.907315
1.993000	 4.907501
1.994000	 4.907686
1.995000	 4.907870
1.996000	 4.908055
1.997000	 4.908238
1.998000	 4.908422
1.999000	 4.908605
2.000000	 4.908788
2.001000	 4.908970
2.002000	 4.909152
2.003000	 4.909334
2.004000	 4.909515
2.005000	 4.909696
2.006000	 4.909877
2.007000	 4.910057
2.008000	 4.910237
2.009000	 4.910417
2.010000	 4.910596
2.011000	 4.910775
2.012000	 4.910953
2.013000	 4.911131
2.014000	 4.911309
2.015000	 4.911486
2.016000	 4.911663
2.017000	 4.911840
2.018000	 4.912016
2.019000	 4.912192
2.020000	 4.912368
2.021000	 4.912543
2.022000	 4.912718
2.023000	 4.912893
2.024000	 4.913067
2.025000	 4.913241
2.026000	 4.913414
2.027000	 4.913587
2.028000	 4.913760
2.029000	 4.913933
2.030000	 4.914105
2.031000	 4.914277
2.032000	 4.914448
2.033000	 4.914619
2.034000	 4.914790
2.035000	 4.914960
2.036000	 4.915130
2.037000	 4.915300
2.038000	 4.915470
2.039000	 4.915639
2.040000	 4.915807
2.041000	 4.915976
2.042000	 4.916144
2.043000	 4.916311
2.044000	 4.916479
2.045000	 4.916646
2.046000	 4.916813
2.047000	 4.916979
2.048000	 4.917145
2.049000	 4.917311
2.050000	 4.917476
2.051000	 4.917641
2.052000	 4.917806
2.053000	 4.917970
2.054000	 4.918134
2.055000	 4.918298
2.056000	 4.918461
2.057000	 4.918625
2.058000	 4.918787
2.059000	 4.918950
2.060000	 4.919112
2.061000	 4.919274
2.062000	 4.919435
2.063000	 4.919596
2.064000	 4.919757
2.065000	 4.919917
2.066000	 4.920078
2.067000	 4.920237
2.068000	 4.920397
2.069000	 4.920556
2.070000	 4.920715
2.071000	 4.920874
2.072000	 4.921032
2.073000	 4.921190
2.074000	 4.921347
2.075000	 4.921505
2.076000	 4.921662
2.077000	 4.921818
2.078000	 4.921975
2.079000	 4.922131
2.080000	 4.922287
2.081000	 4.922442
2.082000	 4.922597
2.083000	 4.922752
2.084000	 4.922906
2.085000	 4.923061
2.086000	 4.923215
2.087000	 4.923368
2.088000	 4.923521
2.089000	 4.923674
2.090000	 4.923827
2.091000	 4.923979
2.092000	 4.924131
2.093000	 4.924283
2.094000	 4.924435
2.095000	 4.924586
2.096000	 4.924736
2.097000	 4.924887
2.098000	 4.925037
2.099000	 4.925187
2.100000	 4.925337
2.101000	 4.925486
2.102000	 4.925635
2.103000	 4.925784
2.104000	 4.925932
2.105000	 4.926080
2.106000	 4.926228
2.107000	 4.926376
2.108000	 4.926523
2.109000	 4.926670
2.110000	 4.926817
2.111000	 4.926963
2.112000	 4.927109
2.113000	 4.927255
2.114000	 4.927400
2.115000	 4.927546
2.116000	 4.927690
2.117000	 4.927835
2.118000	 4.927979
2.119000	 4.928123
2.120000	 4.928267
2.121000	 4.928411
2.122000	 4.928554
2.123000	 4.928697
2.124000	 4.928839
2.125000	 4.928982
2.126000	 4.929124
2.127000	 4.929265
2.128000	 4.929407
2.129000	 4.929548
2.130000	 4.929689
2.131000	 4.929830
2.132000	 4.929970
2.133000	 4.930110
2.134000	 4.930250
2.135000	 4.930389
2.136000	 4.930529
2.137000	 4.930668
2.138000	 4.930806
2.139000	 4.930945
2.140000	 4.931083
2.141000	 4.931221
2.142000	 4.931358
2.143000	 4.931495
2.144000	 4.931632
2.145000	 4.931769
2.146000	 4.931906
2.147000	 4.932042
2.148000	 4.932178
2.149000	 4.932313
2.150000	 4.932449
2.151000	 4.932584
2.152000	 4.932719
2.153000	 4.932853
2.154000	 4.932987
2.155000	 4.933122
2.156000	 4.933255
2.157000	 4.933389
2.158000	 4.933522
2.159000	 4.933655
2.160000	 4.933788
2.161000	 4.933920
2.162000	 4.934052
2.163000	 4.934184
2.164000	 4.934316
2.165000	 4.934447
2.166000	 4.934578
2.167000	 4.934709
2.168000	 4.934840
2.169000	 4.934970
2.170000	 4.935100
2.171000	 4.935230
2.172000	 4.935359
2.173000	 4.935489
2.174000	 4.935618
2.175000	 4.935746
2.176000	 4.935875
2.177000	 4.936003
2.178000	 4.936131
2.179000	 4.936259
2.180000	 4.936386
2.181000	 4.936514
2.182000	 4.936641
2.183000	 4.936767
2.184000	 4.936894
2.185000	 4.937020
2.186000	 4.937146
2.187000	 4.937272
2.188000	 4.937397
2.189000	 4.937522
2.190000	 4.937647
2.191000	 4.937772
2.192000	 4.937896
2.193000	 4.938021
2.194000	 4.938145
2.195000	 4.938268
2.196000	 4.938392
2.197000	 4.938515
2.198000	 4.938638
2.199000	 4.938761
2.200000	 4.938883
2.201000	 4.939005
2.202000	 4.939127
2.203000	 4.939249
2.204000	 4.939371
2.205000	 4.939492
2.206000	 4.939613
2.207000	 4.939734
2.208000	 4.939854
2.209000	 4.939975
2.210000	 4.940095
2.211000	 4.940214
2.212000	 4.940334
2.213000	 4.940453
2.214000	 4.940572
2.215000	 4.940691
2.216000	 4.940810
2.217000	 4.940928
2.218000	 4.941046
2.219000	 4.941164
2.220000	 4.941282
2.221000	 4.941399
2.222000	 4.941517
2.223000	 4.941634
2.224000	 4.941750
2.225000	 4.941867
2.226000	 4.941983
2.227000	 4.942099
2.228000	 4.942215
2.229000	 4.942330
2.230000	 4.942446
2.231000	 4.942561
2.232000	 4.942676
2.233000	 4.942790
2.234000	 4.942905
2.235000	 4.943019
2.236000	 4.943133
2.237000	 4.943247
2.238000	 4.943360
2.239000	 4.943474
2.240000	 4.943587
2.241000	 4.943699
2.242000	 4.943812
2.243000	 4.943924
2.244000	 4.944037
2.245000	 4.944148
2.246000	 4.944260
2.247000	 4.944372
2.248000	 4.944483
2.249000	 4.944594
2.250000	 4.944705
2.251000	 4.944815
2.252000	 4.944926
2.253000	 4.945036
2.254000	 4.945146
2.255000	 4.945255
2.256000	 4.945365
2.257000	 4.945474
2.258000	 4.945583
2.259000	 4.945692
2.260000	 4.945801
2.261000	 4.945909
2.262000	 4.946017
2.263000	 4.946125
2.264000	 4.946233
2.265000	 4.946341
2.266000	 4.946448
2.267000	 4.946555
2.268000	 4.946662
2.269000	 4.946769
2.270000	 4.946875
2.271000	 4.946981
2.272000	 4.947087
2.273000	 4.947193
2.274000	 4.947299
2.275000	 4.947404
2.276000	 4.947509
2.277000	 4.947614
2.278000	 4.947719
2.279000	 4.947824
2.280000	 4.947928
2.281000	 4.948032
2.282000	 4.948136
2.283000	 4.948240
2.284000	 4.948343
2.285000	 4.948447
2.286000	 4.948550
2.287000	 4.948653
2.288000	 4.948755
2.289000	 4.948858
2.290000	 4.948960
2.291000	 4.949062
2.292000	 4.949164
2.293000	 4.949266
2.294000	 4.949367
2.295000	 4.949468
2.296000	 4.949570
2.297000	 4.949670
2.298000	 4.949771
2.299000	 4.949872
2.300000	 4.949972
2.301000	 4.950072
2.302000	 4.950172
2.303000	 4.950271
2.304000	 4.950371
2.305000	 4.950470
2.306000	 4.950569
2.307000	 4.950668
2.308000	 4.950767
2.309000	 4.950865
2.310000	 4.950963
2.311000	 4.951061
2.312000	 4.951159
2.313000	 4.951257
2.314000	 4.951355
2.315000	 4.951452
2.316000	 4.951549
2.317000	 4.951646
2.318000	 4.951743
2.319000	 4.951839
2.320000	 4.951935
2.321000	 4.952031
2.322000	 4.952127
2.323000	 4.952223
2.324000	 4.952319
2.325000	 4.952414
2.326000	 4.952509
2.327000	 4.952604
2.328000	 4.952699
2.329000	 4.952794
2.330000	 4.952888
2.331000	 4.952982
2.332000	 4.953076
2.333000	 4.953170
2.334000	 4.953264
2.335000	 4.953357
2.336000	 4.953451
2.337000	 4.953544
2.338000	 4.953637
2.339000	 4.953729
2.340000	 4.953822
2.341000	 4.953914
2.342000	 4.954006
2.343000	 4.954098
2.344000	 4.954190
2.345000	 4.954282
2.346000	 4.954373
2.347000	 4.954464
2.348000	 4.954556
2.349000	 4.954646
2.350000	 4.954737
2.351000	 4.954828
2.352000	 4.954918
2.353000	 4.955008
2.354000	 4.955098
2.355000	 4.955188
2.356000	 4.955278
2.357000	 4.955367
2.358000	 4.955456
2.359000	 4.955545
2.360000	 4.955634
2.361000	 4.955723
2.362000	 4.955812
2.363000	 4.955900
2.364000	 4.955988
2.365000	 4.956076
2.366000	 4.956164
2.367000	 4.956252
2.368000	 4.956339
2.369000	 4.956427
2.370000	 4.956514
2.371000	 4.956601
2.372000	 4.956687
2.373000	 4.956774
2.374000	 4.956861
2.375000	 4.956947
2.376000	 4.957033
2.377000	 4.957119
2.378000	 4.957205
2.379000	 4.957290
2.380000	 4.957376
2.381000	 4.957461
2.382000	 4.957546
2.383000	 4.957631
2.384000	 4.957716
2.385000	 4.957800
2.386000	 4.957885
2.387000	 4.957969
2.388000	 4.958053
2.389000	 4.958137
2.390000	 4.958220
2.391000	 4.958304
2.392000	 4.958387
2.393000	 4.958471
2.394000	 4.958554
2.395000	 4.958637
2.396000	 4.958719
2.397000	 4.958802
2.398000	 4.958884
2.399000	 4.958967
2.400000	 4.959049
2.401000	 4.959130
2.402000	 4.959212
2.403000	 4.959294
2.404000	 4.959375
2.405000	 4.959456
2.406000	 4.959538
2.407000	 4.959618
2.408000	 4.959699
2.409000	 4.959780
2.410000	 4.959860
2.411000	 4.959941
2.412000	 4.960021
2.413000	 4.960101
2.414000	 4.960180
2.415000	 4.960260
2.416000	 4.960340
2.417000	 4.960419
2.418000	 4.960498
2.419000	 4.960577
2.420000	 4.960656
2.421000	 4.960735
2.422000	 4.960813
2.423000	 4.960891
2.424000	 4.960970
2.425000	 4.961048
2.426000	 4.961126
2.427000	 4.961203
2.428000	 4.961281
2.429000	 4.961358
2.430000	 4.961436
2.431000	 4.961513
2.432000	 4.961590
2.433000	 4.961667
2.434000	 4.961743
2.435000	 4.961820
2.436000	 4.961896
2.437000	 4.961972
2.438000	 4.962048
2.439000	 4.962124
2.440000	 4.962200
2.441000	 4.962276
2.442000	 4.962351
2.443000	 4.962426
2.444000	 4.962502
2.445000	 4.962577
2.446000	 4.962651
2.447000	 4.962726
2.448000	 4.962801
2.449000	 4.962875
2.450000	 4.962949
2.451000	 4.963023
2.452000	 4.963097
2.453000	 4.963171
2.454000	 4.963245
2.455000	 4.963318
2.456000	 4.963392
2.457000	 4.963465
2.458000	 4.963538
2.459000	 4.963611
2.460000	 4.963684
2.461000	 4.963756
2.462000	 4.963829
2.463000	 4.963901
2.464000	 4.963973
2.465000	 4.964045
2.466000	 4.964117
2.467000	 4.964189
2.468000	 4.964261
2.469000	 4.964332
2.470000	 4.964404
2.471000	 4.964475
2.472000	 4.964546
2.473000	 4.964617
2.474000	 4.964687
2.475000	 4.964758
2.476000	 4.964829
2.477000	 4.964899
2.478000	 4.964969
2.479000	 4.965039
2.480000	 4.965109
2.481000	 4.965179
2.482000	 4.965249
2.483000	 4.965318
2.484000	 4.965387
2.485000	 4.965457
2.486000	 4.965526
2.487000	 4.965595
2.488000	 4.965663
2.489000	 4.965732
2.490000	 4.965801
2.491000	 4.965869
2.492000	 4.965937
2.493000	 4.966005
2.494000	 4.966073
2.495000	 4.966141
2.496000	 4.966209
2.497000	 4.966277
2.498000	 4.966344
2.499000	 4.966411
2.500000	 4.966479
2.501000	 4.966546
2.502000	 4.966612
2.503000	 4.966679
2.504000	 4.966746
2.505000	 4.966812
2.506000	 4.966879
2.507000	 4.966945
2.508000	 4.967011
2.509000	 4.967077
2.510000	 4.967143
2.511000	 4.967209
2.512000	 4.967274
2.513000	 4.967340
2.514000	 4.967405
2.515000	 4.967470
2.516000	 4.967535
2.517000	 4.967600
2.518000	 4.967665
2.519000	 4.967730
2.520000	 4.967794
2.521000	 4.967859
2.522000	 4.967923
2.523000	 4.967987
2.524000	 4.968051
2.525000	 4.968115
2.526000	 4.968179
2.527000	 4.968242
2.528000	 4.968306
2.529000	 4.968369
2.530000	 4.968433
2.531000	 4.968496
2.532000	 4.968559
2.533000	 4.968622
2.534000	 4.968684
2.535000	 4.968747
2.536000	 4.968809
2.537000	 4.968872
2.538000	 4.968934
2.539000	 4.968996
2.540000	 4.969058
2.541000	 4.969120
2.542000	 4.969182
2.543000	 4.969244
2.544000	 4.969305
2.545000	 4.969366
2.546000	 4.969428
2.547000	 4.969489
2.548000	 4.969550
2.549000	 4.969611
2.550000	 4.969672
2.551000	 4.969732
2.552000	 4.969793
2.553000	 4.969853
2.554000	 4.969913
2.555000	 4.969974
2.556000	 4.970034
2.557000	 4.970094
2.558000	 4.970153
2.559000	 4.970213
2.560000	 4.970273
2.561000	 4.970332
2.562000	 4.970391
2.563000	 4.970451
2.564000	 4.970510
2.565000	 4.970569
2.566000	 4.970628
2.567000	 4.970686
2.568000	 4.970745
2.569000	 4.970804
2.570000	 4.970862
2.571000	 4.970920
2.572000	 4.970978
2.573000	 4.971036
2.574000	 4.971094
2.575000	 4.971152
2.576000	 4.971210
2.577000	 4.971267
2.578000	 4.971325
2.579000	 4.971382
2.580000	 4.971439
2.581000	 4.971497
2.582000	 4.971554
2.583000	 4.971610
2.584000	 4.971667
2.585000	 4.971724
2.586000	 4.971780
2.587000	 4.971837
2.588000	 4.971893
2.589000	 4.971949
2.590000	 4.972006
2.591000	 4.972062
2.592000	 4.972117
2.593000	 4.972173
2.594000	 4.972229
2.595000	 4.972284
2.596000	 4.972340
2.597000	 4.972395
2.598000	 4.972450
2.599000	 4.972505
2.600000	 4.972560
2.601000	 4.972615
2.602000	 4.972670
2.603000	 4.972725
2.604000	 4.972779
2.605000	 4.972834
2.606000	 4.972888
2.607000	 4.972942
2.608000	 4.972996
2.609000	 4.973050
2.610000	 4.973104
2.611000	 4.973158
2.612000	 4.973212
2.613000	 4.973265
2.614000	 4.973319
2.615000	 4.973372
2.616000	 4.973425
2.617000	 4.973479
2.618000	 4.973532
2.619000	 4.973585
2.620000	 4.973637
2.621000	 4.973690
2.622000	 4.973743
2.623000	 4.973795
2.624000	 4.973848
2.625000	 4.973900
2.626000	 4.973952
2.627000	 4.974004
2.628000	 4.974056
2.629000	 4.974108
2.630000	 4.974160
2.631000	 4.974212
2.632000	 4.974263
2.633000	 4.974315
2.634000	 4.974366
2.635000	 4.974417
2.636000	 4.974468
2.637000	 4.974520
2.638000	 4.974570
2.639000	 4.974621
2.640000	 4.974672
2.641000	 4.974723
2.642000	 4.974773
2.643000	 4.974824
2.644000	 4.974874
2.645000	 4.974924
2.646000	 4.974975
2.647000	 4.975025
2.648000	 4.975075
2.649000	 4.975124
2.650000	 4.975174
2.651000	 4.975224
2.652000	 4.975273
2.653000	 4.975323
2.654000	 4.975372
2.655000	 4.975421
2.656000	 4.975471
2.657000	 4.975520
2.658000	 4.975569
2.659000	 4.975617
2.660000	 4.975666
2.661000	 4.975715
2.662000	 4.975763
2.663000	 4.975812
2.664000	 4.975860
2.665000	 4.975909
2.666000	 4.975957
2.667000	 4.976005
2.668000	 4.976053
2.669000	 4.976101
2.670000	 4.976149
2.671000	 4.976196
2.672000	 4.976244
2.673000	 4.976291
2.674000	 4.976339
2.675000	 4.976386
2.676000	 4.976433
2.677000	 4.976480
2.678000	 4.976527
2.679000	 4.976574
2.680000	 4.976621
2.681000	 4.976668
2.682000	 4.976715
2.683000	 4.976761
2.684000	 4.976808
2.685000	 4.976854
2.686000	 4.976900
2.687000	 4.976947
2.688000	 4.976993
2.689000	 4.977039
2.690000	 4.977085
2.691000	 4.977131
2.692000	 4.977176
2.693000	 4.977222
2.694000	 4.977267
2.695000	 4.977313
2.696000	 4.977358
2.697000	 4.977404
2.698000	 4.977449
2.699000	 4.977494
2.700000	 4.977539
2.701000	 4.977584
2.702000	 4.977629
2.703000	 4.977673
2.704000	 4.977718
2.705000	 4.977763
2.706000	 4.977807
2.707000	 4.977851
2.708000	 4.977896
2.709000	 4.977940
2.710000	 4.977984
2.711000	 4.978028
2.712000	 4.978072
2.713000	 4.978116
2.714000	 4.978160
2.715000	 4.978203
2.716000	 4.978247
2.717000	 4.978290
2.718000	 4.978334
2.719000	 4.978377
2.720000	 4.978420
2.721000	 4.978464
2.722000	 4.978507
2.723000	 4.978550
2.724000	 4.978593
2.725000	 4.978635
2.726000	 4.978678
2.727000	 4.978721
2.728000	 4.978763
2.729000	 4.978806
2.730000	 4.978848
2.731000	 4.978890
2.732000	 4.978933
2.733000	 4.978975
2.734000	 4.979017
2.735000	 4.979059
2.736000	 4.979101
2.737000	 4.979143
2.738000	 4.979184
2.739000	 4.979226
2.740000	 4.979267
2.741000	 4.979309
2.742000	 4.979350
2.743000	 4.979392
2.744000	 4.979433
2.745000	 4.979474
2.746000	 4.979515
2.747000	 4.979556
2.748000	 4.979597
2.749000	 4.979638
2.750000	 4.979678
2.751000	 4.979719
2.752000	 4.979760
2.753000	 4.979800
2.754000	 4.979840
2.755000	 4.979881
2.756000	 4.979921
2.757000	 4.979961
2.758000	 4.980001
2.759000	 4.980041
2.760000	 4.980081
2.761000	 4.980121
2.762000	 4.980161
2.763000	 4.980200
2.764000	 4.980240
2.765000	 4.980280
2.766000	 4.980319
2.767000	 4.980358
2.768000	 4.980398
2.769000	 4.980437
2.770000	 4.980476
2.771000	 4.980515
2.772000	 4.980554
2.773000	 4.980593
2.774000	 4.980632
2.775000	 4.980670
2.776000	 4.980709
2.777000	 4.980748
2.778000	 4.980786
2.779000	 4.980825
2.780000	 4.980863
2.781000	 4.980901
2.782000	 4.980939
2.783000	 4.980978
2.784000	 4.981016
2.785000	 4.981054
2.786000	 4.981091
2.787000	 4.981129
2.788000	 4.981167
2.789000	 4.981205
2.790000	 4.981242
2.791000	 4.981280
2.792000	 4.981317
2.793000	 4.981355
2.794000	 4.981392
2.795000	 4.981429
2.796000	 4.981466
2.797000	 4.981503
2.798000	 4.981540
2.799000	 4.981577
2.800000	 4.981614
2.801000	 4.981651
2.802000	 4.981688
2.803000	 4.981724
2.804000	 4.981761
2.805000	 4.981797
2.806000	 4.981834
2.807000	 4.981870
2.808000	 4.981906
2.809000	 4.981942
2.810000	 4.981978
2.811000	 4.982015
2.812000	 4.982051
2.813000	 4.982086
2.814000	 4.982122
2.815000	 4.982158
2.816000	 4.982194
2.817000	 4.982229
2.818000	 4.982265
2.819000	 4.982300
2.820000	 4.982336
2.821000	 4.982371
2.822000	 4.982406
2.823000	 4.982441
2.824000	 4.982477
2.825000	 4.982512
2.826000	 4.982547
2.827000	 4.982582
2.828000	 4.982616
2.829000	 4.982651
2.830000	 4.982686
2.831000	 4.982720
2.832000	 4.982755
2.833000	 4.982790
2.834000	 4.982824
2.835000	 4.982858
2.836000	 4.982893
2.837000	 4.982927
2.838000	 4.982961
2.839000	 4.982995
2.840000	 4.983029
2.841000	 4.983063
2.842000	 4.983097
2.843000	 4.983131
2.844000	 4.983164
2.845000	 4.983198
2.846000	 4.983232
2.847000	 4.983265
2.848000	 4.983299
2.849000	 4.983332
2.850000	 4.983365
2.851000	 4.983399
2.852000	 4.983432
2.853000	 4.983465
2.854000	 4.983498
2.855000	 4.983531
2.856000	 4.983564
2.857000	 4.983597
2.858000	 4.983630
2.859000	 4.983662
2.860000	 4.983695
2.861000	 4.983728
2.862000	 4.983760
2.863000	 4.983793
2.864000	 4.983825
2.865000	 4.983858
2.866000	 4.983890
2.867000	 4.983922
2.868000	 4.983954
2.869000	 4.983986
2.870000	 4.984018
2.871000	 4.984050
2.872000	 4.984082
2.873000	 4.984114
2.874000	 4.984146
2.875000	 4.984177
2.876000	 4.984209
2.877000	 4.984241
2.878000	 4.984272
2.879000	 4.984304
2.880000	 4.984335
2.881000	 4.984366
2.882000	 4.984398
2.883000	 4.984429
2.884000	 4.984460
2.885000	 4.984491
2.886000	 4.984522
2.887000	 4.984553
2.888000	 4.984584
2.889000	 4.984615
2.890000	 4.984646
2.891000	 4.984676
2.892000	 4.984707
2.893000	 4.984737
2.894000	 4.984768
2.895000	 4.984798
2.896000	 4.984829
2.897000	 4.984859
2.898000	 4.984890
2.899000	 4.984920
2.900000	 4.984950
2.901000	 4.984980
2.902000	 4.985010
2.903000	 4.985040
2.904000	 4.985070
2.905000	 4.985100
2.906000	 4.985130
2.907000	 4.985159
2.908000	 4.985189
2.909000	 4.985219
2.910000	 4.985248
2.911000	 4.985278
2.912000	 4.985307
2.913000	 4.985337
2.914000	 4.985366
2.915000	 4.985395
2.916000	 4.985424
2.917000	 4.985453
2.918000	 4.985483
2.919000	 4.985512
2.920000	 4.985541
2.921000	 4.985570
2.922000	 4.985598
2.923000	 4.985627
2.924000	 4.985656
2.925000	 4.985685
2.926000	 4.985713
2.927000	 4.985742
2.928000	 4.985770
2.929000	 4.985799
2.930000	 4.985827
2.931000	 4.985856
2.932000	 4.985884
2.933000	 4.985912
2.934000	 4.985940
2.935000	 4.985968
2.936000	 4.985996
2.937000	 4.986024
2.938000	 4.986052
2.939000	 4.986080
2.940000	 4.986108
2.941000	 4.986136
2.942000	 4.986164
2.943000	 4.986191
2.944000	 4.986219
2.945000	 4.986246
2.946000	 4.986274
2.947000	 4.986301
2.948000	 4.986329
2.949000	 4.986356
2.950000	 4.986383
2.951000	 4.986411
2.952000	 4.986438
2.953000	 4.986465
2.954000	 4.986492
2.955000	 4.986519
2.956000	 4.986546
2.957000	 4.986573
2.958000	 4.986600
2.959000	 4.986627
2.960000	 4.986653
2.961000	 4.986680
2.962000	 4.986707
2.963000	 4.986733
2.964000	 4.986760
2.965000	 4.986786
2.966000	 4.986813
2.967000	 4.986839
2.968000	 4.986865
2.969000	 4.986892
2.970000	 4.986918
2.971000	 4.986944
2.972000	 4.986970
2.973000	 4.986996
2.974000	 4.987022
2.975000	 4.987048
2.976000	 4.987074
2.977000	 4.987100
2.978000	 4.987126
2.979000	 4.987151
2.980000	 4.987177
2.981000	 4.987203
2.982000	 4.987228
2.983000	 4.987254
2.984000	 4.987279
2.985000	 4.987305
2.986000	 4.987330
2.987000	 4.987356
2.988000	 4.987381
2.989000	 4.987406
2.990000	 4.987431
2.991000	 4.987456
2.992000	 4.987482
2.993000	 4.987507
2.994000	 4.987532
2.995000	 4.987557
2.996000	 4.987581
2.997000	 4.987606
2.998000	 4.987631
2.999000	 4.987656
3.000000	 4.987680
3.001000	 4.987705
3.002000	 4.987730
3.003000	 4.987754
3.004000	 4.987779
3.005000	 4.987803
3.006000	 4.987828
3.007000	 4.987852
3.008000	 4.987876
3.009000	 4.987900
3.010000	 4.987925
3.011000	 4.987949
3.012000	 4.987973
3.013000	 4.987997
3.014000	 4.988021
3.015000	 4.988045
3.016000	 4.988069
3.017000	 4.988093
3.018000	 4.988117
3.019000	 4.988140
3.020000	 4.988164
3.021000	 4.988188
3.022000	 4.988211
3.023000	 4.988235
3.024000	 4.988258
3.025000	 4.988282
3.026000	 4.988305
3.027000	 4.988329
3.028000	 4.988352
3.029000	 4.988375
3.030000	 4.988399
3.031000	 4.988422
3.032000	 4.988445
3.033000	 4.988468
3.034000	 4.988491
3.035000	 4.988514
3.036000	 4.988537
3.037000	 4.988560
3.038000	 4.988583
3.039000	 4.988606
3.040000	 4.988629
3.041000	 4.988651
3.042000	 4.988674
3.043000	 4.988697
3.044000	 4.988719
3.045000	 4.988742
3.046000	 4.988764
3.047000	 4.988787
3.048000	 4.988809
3.049000	 4.988832
3.050000	 4.988854
3.051000	 4.988876
3.052000	 4.988898
3.053000	 4.988921
3.054000	 4.988943
3.055000	 4.988965
3.056000	 4.988987
3.057000	 4.989009
3.058000	 4.989031
3.059000	 4.989053
3.060000	 4.989075
3.061000	 4.989097
3.062000	 4.989119
3.063000	 4.989140
3.064000	 4.989162
3.065000	 4.989184
3.066000	 4.989205
3.067000	 4.989227
3.068000	 4.989248
3.069000	 4.989270
3.070000	 4.989291
3.071000	 4.989313
3.072000	 4.989334
3.073000	 4.989356
3.074000	 4.989377
3.075000	 4.989398
3.076000	 4.989419
3.077000	 4.989440
3.078000	 4.989462
3.079000	 4.989483
3.080000	 4.989504
3.081000	 4.989525
3.082000	 4.989546
3.083000	 4.989567
3.084000	 4.989587
3.085000	 4.989608
3.086000	 4.989629
3.087000	 4.989650
3.088000	 4.989670
3.089000	 4.989691
3.090000	 4.989712
3.091000	 4.989732
3.092000	 4.989753
3.093000	 4.989773
3.094000	 4.989794
3.095000	 4.989814
3.096000	 4.989835
3.097000	 4.989855
3.098000	 4.989875
3.099000	 4.989895
3.100000	 4.989916
3.101000	 4.989936
3.102000	 4.989956
3.103000	 4.989976
3.104000	 4.989996
3.105000	 4.990016
3.106000	 4.990036
3.107000	 4.990056
3.108000	 4.990076
3.109000	 4.990096
3.110000	 4.990116
3.111000	 4.990135
3.112000	 4.990155
3.113000	 4.990175
3.114000	 4.990194
3.115000	 4.990214
3.116000	 4.990234
3.117000	 4.990253
3.118000	 4.990273
3.119000	 4.990292
3.120000	 4.990311
3.121000	 4.990331
3.122000	 4.990350
3.123000	 4.990369
3.124000	 4.990389
3.125000	 4.990408
3.126000	 4.990427
3.127000	 4.990446
3.128000	 4.990465
3.129000	 4.990484
3.130000	 4.990503
3.131000	 4.990522
3.132000	 4.990541
3.133000	 4.990560
3.134000	 4.990579
3.135000	 4.990598
3.136000	 4.990617
3.137000	 4.990636
3.138000	 4.990654
3.139000	 4.990673
3.140000	 4.990692
3.141000	 4.990710
3.142000	 4.990729
3.143000	 4.990747
3.144000	 4.990766
3.145000	 4.990784
3.146000	 4.990803
3.147000	 4.990821
3.148000	 4.990840
3.149000	 4.990858
3.150000	 4.990876
3.151000	 4.990894
3.152000	 4.990913
3.153000	 4.990931
3.154000	 4.990949
3.155000	 4.990967
3.156000	 4.990985
3.157000	 4.991003
3.158000	 4.991021
3.159000	 4.991039
3.160000	 4.991057
3.161000	 4.991075
3.162000	 4.991093
3.163000	 4.991111
3.164000	 4.991128
3.165000	 4.991146
3.166000	 4.991164
3.167000	 4.991182
3.168000	 4.991199
3.169000	 4.991217
3.170000	 4.991234
3.171000	 4.991252
3.172000	 4.991269
3.173000	 4.991287
3.174000	 4.991304
3.175000	 4.991322
3.176000	 4.991339
3.177000	 4.991356
3.178000	 4.991374
3.179000	 4.991391
3.180000	 4.991408
3.181000	 4.991425
3.182000	 4.991442
3.183000	 4.991460
3.184000	 4.991477
3.185000	 4.991494
3.186000	 4.991511
3.187000	 4.991528
3.188000	 4.991545
3.189000	 4.991561
3.190000	 4.991578
3.191000	 4.991595
3.192000	 4.991612
3.193000	 4.991629
3.194000	 4.991646
3.195000	 4.991662
3.196000	 4.991679
3.197000	 4.991696
3.198000	 4.991712
3.199000	 4.991729
3.200000	 4.991745
3.201000	 4.991762
3.202000	 4.991778
3.203000	 4.991795
3.204000	 4.991811
3.205000	 4.991828
3.206000	 4.991844
3.207000	 4.991860
3.208000	 4.991876
3.209000	 4.991893
3.210000	 4.991909
3.211000	 4.991925
3.212000	 4.991941
3.213000	 4.991957
3.214000	 4.991973
3.215000	 4.991989
3.216000	 4.992006
3.217000	 4.992021
3.218000	 4.992037
3.219000	 4.992053
3.220000	 4.992069
3.221000	 4.992085
3.222000	 4.992101
3.223000	 4.992117
3.224000	 4.992133
3.225000	 4.992148
3.226000	 4.992164
3.227000	 4.992180
3.228000	 4.992195
3.229000	 4.992211
3.230000	 4.992226
3.231000	 4.992242
3.232000	 4.992258
3.233000	 4.992273
3.234000	 4.992288
3.235000	 4.992304
3.236000	 4.992319
3.237000	 4.992335
3.238000	 4.992350
3.239000	 4.992365
3.240000	 4.992381
3.241000	 4.992396
3.242000	 4.992411
3.243000	 4.992426
3.244000	 4.992441
3.245000	 4.992456
3.246000	 4.992472
3.247000	 4.992487
3.248000	 4.992502
3.249000	 4.992517
3.250000	 4.992532
3.251000	 4.992547
3.252000	 4.992561
3.253000	 4.992576
3.254000	 4.992591
3.255000	 4.992606
3.256000	 4.992621
3.257000	 4.992636
3.258000	 4.992650
3.259000	 4.992665
3.260000	 4.992680
3.261000	 4.992694
3.262000	 4.992709
3.263000	 4.992723
3.264000	 4.992738
3.265000	 4.992753
3.266000	 4.992767
3.267000	 4.992781
3.268000	 4.992796
3.269000	 4.992810
3.270000	 4.992825
3.271000	 4.992839
3.272000	 4.992853
3.273000	 4.992868
3.274000	 4.992882
3.275000	 4.992896
3.276000	 4.992910
3.277000	 4.992925
3.278000	 4.992939
3.279000	 4.992953
3.280000	 4.992967
3.281000	 4.992981
3.282000	 4.992995
3.283000	 4.993009
3.284000	 4.993023
3.285000	 4.993037
3.286000	 4.993051
3.287000	 4.993065
3.288000	 4.993079
3.289000	 4.993093
3.290000	 4.993106
3.291000	 4.993120
3.292000	 4.993134
3.293000	 4.993148
3.294000	 4.993161
3.295000	 4.993175
3.296000	 4.993189
3.297000	 4.993202
3.298000	 4.993216
3.299000	 4.993229
3.300000	 4.993243
3.301000	 4.993256
3.302000	 4.993270
3.303000	 4.993283
3.304000	 4.993297
3.305000	 4.993310
3.306000	 4.993324
3.307000	 4.993337
3.308000	 4.993350
3.309000	 4.993364
3.310000	 4.993377
3.311000	 4.993390
3.312000	 4.993403
3.313000	 4.993417
3.314000	 4.993430
3.315000	 4.993443
3.316000	 4.993456
3.317000	 4.993469
3.318000	 4.993482
3.319000	 4.993495
3.320000	 4.993508
3.321000	 4.993521
3.322000	 4.993534
3.323000	 4.993547
3.324000	 4.993560
3.325000	 4.993573
3.326000	 4.993586
3.327000	 4.993599
3.328000	 4.993611
3.329000	 4.993624
3.330000	 4.993637
3.331000	 4.993650
3.332000	 4.993662
3.333000	 4.993675
3.334000	 4.993688
3.335000	 4.993700
3.336000	 4.993713
3.337000	 4.993725
3.338000	 4.993738
3.339000	 4.993750
3.340000	 4.993763
3.341000	 4.993775
3.342000	 4.993788
3.343000	 4.993800
3.344000	 4.993813
3.345000	 4.993825
3.346000	 4.993837
3.347000	 4.993850
3.348000	 4.993862
3.349000	 4.993874
3.350000	 4.993887
3.351000	 4.993899
3.352000	 4.993911
3.353000	 4.993923
3.354000	 4.993935
3.355000	 4.993947
3.356000	 4.993960
3.357000	 4.993972
3.358000	 4.993984
3.359000	 4.993996
3.360000	 4.994008
3.361000	 4.994020
3.362000	 4.994032
3.363000	 4.994044
3.364000	 4.994056
3.365000	 4.994067
3.366000	 4.994079
3.367000	 4.994091
3.368000	 4.994103
3.369000	 4.994115
3.370000	 4.994127
3.371000	 4.994138
3.372000	 4.994150
3.373000	 4.994162
3.374000	 4.994173
3.375000	 4.994185
3.376000	 4.994197
3.377000	 4.994208
3.378000	 4.994220
3.379000	 4.994231
3.380000	 4.994243
3.381000	 4.994254
3.382000	 4.994266
3.383000	 4.994277
3.384000	 4.994289
3.385000	 4.994300
3.386000	 4.994312
3.387000	 4.994323
3.388000	 4.994334
3.389000	 4.994346
3.390000	 4.994357
3.391000	 4.994368
3.392000	 4.994380
3.393000	 4.994391
3.394000	 4.994402
3.395000	 4.994413
3.396000	 4.994424
3.397000	 4.994436
3.398000	 4.994447
3.399000	 4.994458
3.400000	 4.994469
3.401000	 4.994480
3.402000	 4.994491
3.403000	 4.994502
3.404000	 4.994513
3.405000	 4.994524
3.406000	 4.994535
3.407000	 4.994546
3.408000	 4.994557
3.409000	 4.994568
3.410000	 4.994579
3.411000	 4.994589
3.412000	 4.994600
3.413000	 4.994611
3.414000	 4.994622
3.415000	 4.994633
3.416000	 4.994643
3.417000	 4.994654
3.418000	 4.994665
3.419000	 4.994675
3.420000	 4.994686
3.421000	 4.994697
3.422000	 4.994707
3.423000	 4.994718
3.424000	 4.994728
3.425000	 4.994739
3.426000	 4.994749
3.427000	 4.994760
3.428000	 4.994770
3.429000	 4.994781
3.430000	 4.994791
3.431000	 4.994802
3.432000	 4.994812
3.433000	 4.994823
3.434000	 4.994833
3.435000	 4.994843
3.436000	 4.994854
3.437000	 4.994864
3.438000	 4.994874
3.439000	 4.994884
3.440000	 4.994895
3.441000	 4.994905
3.442000	 4.994915
3.443000	 4.994925
3.444000	 4.994935
3.445000	 4.994945
3.446000	 4.994956
3.447000	 4.994966
3.448000	 4.994976
3.449000	 4.994986
3.450000	 4.994996
3.451000	 4.995006
3.452000	 4.995016
3.453000	 4.995026
3.454000	 4.995036
3.455000	 4.995046
3.456000	 4.995056
3.457000	 4.995065
3.458000	 4.995075
3.459000	 4.995085
3.460000	 4.995095
3.461000	 4.995105
3.462000	 4.995115
3.463000	 4.995124
3.464000	 4.995134
3.465000	 4.995144
3.466000	 4.995154
3.467000	 4.995163
3.468000	 4.995173
3.469000	 4.995183
3.470000	 4.995192
3.471000	 4.995202
3.472000	 4.995211
3.473000	 4.995221
3.474000	 4.995231
3.475000	 4.995240
3.476000	 4.995250
3.477000	 4.995259
3.478000	 4.995269
3.479000	 4.995278
3.480000	 4.995287
3.481000	 4.995297
3.482000	 4.995306
3.483000	 4.995316
3.484000	 4.995325
3.485000	 4.995334
3.486000	 4.995344
3.487000	 4.995353
3.488000	 4.995362
3.489000	 4.995372
3.490000	 4.995381
3.491000	 4.995390
3.492000	 4.995399
3.493000	 4.995409
3.494000	 4.995418
3.495000	 4.995427
3.496000	 4.995436
3.497000	 4.995445
3.498000	 4.995454
3.499000	 4.995463
3.500000	 4.995472
3.501000	 4.995481
3.502000	 4.995491
3.503000	 4.995500
3.504000	 4.995509
3.505000	 4.995518
3.506000	 4.995526
3.507000	 4.995535
3.508000	 4.995544
3.509000	 4.995553
3.510000	 4.995562
3.511000	 4.995571
3.512000	 4.995580
3.513000	 4.995589
3.514000	 4.995598
3.515000	 4.995606
3.516000	 4.995615
3.517000	 4.995624
3.518000	 4.995633
3.519000	 4.995641
3.520000	 4.995650
3.521000	 4.995659
3.522000	 4.995668
3.523000	 4.995676
3.524000	 4.995685
3.525000	 4.995693
3.526000	 4.995702
3.527000	 4.995711
3.528000	 4.995719
3.529000	 4.995728
3.530000	 4.995736
3.531000	 4.995745
3.532000	 4.995753
3.533000	 4.995762
3.534000	 4.995770
3.535000	 4.995779
3.536000	 4.995787
3.537000	 4.995796
3.538000	 4.995804
3.539000	 4.995812
3.540000	 4.995821
3.541000	 4.995829
3.542000	 4.995838
3.543000	 4.995846
3.544000	 4.995854
3.545000	 4.995862
3.546000	 4.995871
3.547000	 4.995879
3.548000	 4.995887
3.549000	 4.995895
3.550000	 4.995904
3.551000	 4.995912
3.552000	 4.995920
3.553000	 4.995928
3.554000	 4.995936
3.555000	 4.995945
3.556000	 4.995953
3.557000	 4.995961
3.558000	 4.995969
3.559000	 4.995977
3.560000	 4.995985
3.561000	 4.995993
3.562000	 4.996001
3.563000	 4.996009
3.564000	 4.996017
3.565000	 4.996025
3.566000	 4.996033
3.567000	 4.996041
3.568000	 4.996049
3.569000	 4.996057
3.570000	 4.996064
3.571000	 4.996072
3.572000	 4.996080
3.573000	 4.996088
3.574000	 4.996096
3.575000	 4.996104
3.576000	 4.996111
3.577000	 4.996119
3.578000	 4.996127
3.579000	 4.996135
3.580000	 4.996142
3.581000	 4.996150
3.582000	 4.996158
3.583000	 4.996166
3.584000	 4.996173
3.585000	 4.996181
3.586000	 4.996189
3.587000	 4.996196
3.588000	 4.996204
3.589000	 4.996211
3.590000	 4.996219
3.591000	 4.996227
3.592000	 4.996234
3.593000	 4.996242
3.594000	 4.996249
3.595000	 4.996257
3.596000	 4.996264
3.597000	 4.996272
3.598000	 4.996279
3.599000	 4.996286
3.600000	 4.996294
3.601000	 4.996301
3.602000	 4.996309
3.603000	 4.996316
3.604000	 4.996323
3.605000	 4.996331
3.606000	 4.996338
3.607000	 4.996345
3.608000	 4.996353
3.609000	 4.996360
3.610000	 4.996367
3.611000	 4.996375
3.612000	 4.996382
3.613000	 4.996389
3.614000	 4.996396
3.615000	 4.996404
3.616000	 4.996411
3.617000	 4.996418
3.618000	 4.996425
3.619000	 4.996432
3.620000	 4.996439
3.621000	 4.996446
3.622000	 4.996454
3.623000	 4.996461
3.624000	 4.996468
3.625000	 4.996475
3.626000	 4.996482
3.627000	 4.996489
3.628000	 4.996496
3.629000	 4.996503
3.630000	 4.996510
3.631000	 4.996517
3.632000	 4.996524
3.633000	 4.996531
3.634000	 4.996538
3.635000	 4.996545
3.636000	 4.996552
3.637000	 4.996558
3.638000	 4.996565
3.639000	 4.996572
3.640000	 4.996579
3.641000	 4.996586
3.642000	 4.996593
3.643000	 4.996600
3.644000	 4.996606
3.645000	 4.996613
3.646000	 4.996620
3.647000	 4.996627
3.648000	 4.996633
3.649000	 4.996640
3.650000	 4.996647
3.651000	 4.996654
3.652000	 4.996660
3.653000	 4.996667
3.654000	 4.996674
3.655000	 4.996680
3.656000	 4.996687
3.657000	 4.996694
3.658000	 4.996700
3.659000	 4.996707
3.660000	 4.996713
3.661000	 4.996720
3.662000	 4.996727
3.663000	 4.996733
3.664000	 4.996740
3.665000	 4.996746
3.666000	 4.996753
3.667000	 4.996759
3.668000	 4.996766
3.669000	 4.996772
3.670000	 4.996779
3.671000	 4.996785
3.672000	 4.996791
3.673000	 4.996798
3.674000	 4.996804
3.675000	 4.996811
3.676000	 4.996817
3.677000	 4.996823
3.678000	 4.996830
3.679000	 4.996836
3.680000	 4.996842
3.681000	 4.996849
3.682000	 4.996855
3.683000	 4.996861
3.684000	 4.996868
3.685000	 4.996874
3.686000	 4.996880
3.687000	 4.996886
3.688000	 4.996893
3.689000	 4.996899
3.690000	 4.996905
3.691000	 4.996911
3.692000	 4.996917
3.693000	 4.996923
3.694000	 4.996930
3.695000	 4.996936
3.696000	 4.996942
3.697000	 4.996948
3.698000	 4.996954
3.699000	 4.996960
3.700000	 4.996966
3.701000	 4.996972
3.702000	 4.996978
3.703000	 4.996984
3.704000	 4.996990
3.705000	 4.996997
3.706000	 4.997003
3.707000	 4.997009
3.708000	 4.997014
3.709000	 4.997020
3.710000	 4.997026
3.711000	 4.997032
3.712000	 4.997038
3.713000	 4.997044
3.714000	 4.997050
3.715000	 4.997056
3.716000	 4.997062
3.717000	 4.997068
3.718000	 4.997074
3.719000	 4.997080
3.720000	 4.997085
3.721000	 4.997091
3.722000	 4.997097
3.723000	 4.997103
3.724000	 4.997109
3.725000	 4.997114
3.726000	 4.997120
3.727000	 4.997126
3.728000	 4.997132
3.729000	 4.997137
3.730000	 4.997143
3.731000	 4.997149
3.732000	 4.997155
3.733000	 4.997160
3.734000	 4.997166
3.735000	 4.997172
3.736000	 4.997177
3.737000	 4.997183
3.738000	 4.997189
3.739000	 4.997194
3.740000	 4.997200
3.741000	 4.997205
3.742000	 4.997211
3.743000	 4.997217
3.744000	 4.997222
3.745000	 4.997228
3.746000	 4.997233
3.747000	 4.997239
3.748000	 4.997244
3.749000	 4.997250
3.750000	 4.997255
3.751000	 4.997261
3.752000	 4.997266
3.753000	 4.997272
3.754000	 4.997277
3.755000	 4.997283
3.756000	 4.997288
3.757000	 4.997293
3.758000	 4.997299
3.759000	 4.997304
3.760000	 4.997310
3.761000	 4.997315
3.762000	 4.997320
3.763000	 4.997326
3.764000	 4.997331
3.765000	 4.997336
3.766000	 4.997342
3.767000	 4.997347
3.768000	 4.997352
3.769000	 4.997358
3.770000	 4.997363
3.771000	 4.997368
3.772000	 4.997374
3.773000	 4.997379
3.774000	 4.997384
3.775000	 4.997389
3.776000	 4.997394
3.777000	 4.997400
3.778000	 4.997405
3.779000	 4.997410
3.780000	 4.997415
3.781000	 4.997420
3.782000	 4.997426
3.783000	 4.997431
3.784000	 4.997436
3.785000	 4.997441
3.786000	 4.997446
3.787000	 4.997451
3.788000	 4.997456
3.789000	 4.997461
3.790000	 4.997466
3.791000	 4.997472
3.792000	 4.997477
3.793000	 4.997482
3.794000	 4.997487
3.795000	 4.997492
3.796000	 4.997497
3.797000	 4.997502
3.798000	 4.997507
3.799000	 4.997512
3.800000	 4.997517
3.801000	 4.997522
3.802000	 4.997527
3.803000	 4.997532
3.804000	 4.997537
3.805000	 4.997541
3.806000	 4.997546
3.807000	 4.997551
3.808000	 4.997556
3.809000	 4.997561
3.810000	 4.997566
3.811000	 4.997571
3.812000	 4.997576
3.813000	 4.997581
3.814000	 4.997585
3.815000	 4.997590
3.816000	 4.997595
3.817000	 4.997600
3.818000	 4.997605
3.819000	 4.997609
3.820000	 4.997614
3.821000	 4.997619
3.822000	 4.997624
3.823000	 4.997628
3.824000	 4.997633
3.825000	 4.997638
3.826000	 4.997643
3.827000	 4.997647
3.828000	 4.997652
3.829000	 4.997657
3.830000	 4.997661
3.831000	 4.997666
3.832000	 4.997671
3.833000	 4.997675
3.834000	 4.997680
3.835000	 4.997685
3.836000	 4.997689
3.837000	 4.997694
3.838000	 4.997699
3.839000	 4.997703
3.840000	 4.997708
3.841000	 4.997712
3.842000	 4.997717
3.843000	 4.997722
3.844000	 4.997726
3.845000	 4.997731
3.846000	 4.997735
3.847000	 4.997740
3.848000	 4.997744
3.849000	 4.997749
3.850000	 4.997753
3.851000	 4.997758
3.852000	 4.997762
3.853000	 4.997767
3.854000	 4.997771
3.855000	 4.997776
3.856000	 4.997780
3.857000	 4.997785
3.858000	 4.997789
3.859000	 4.997793
3.860000	 4.997798
3.861000	 4.997802
3.862000	 4.997807
3.863000	 4.997811
3.864000	 4.997815
3.865000	 4.997820
3.866000	 4.997824
3.867000	 4.997828
3.868000	 4.997833
3.869000	 4.997837
3.870000	 4.997841
3.871000	 4.997846
3.872000	 4.997850
3.873000	 4.997854
3.874000	 4.997859
3.875000	 4.997863
3.876000	 4.997867
3.877000	 4.997871
3.878000	 4.997876
3.879000	 4.997880
3.880000	 4.997884
3.881000	 4.997888
3.882000	 4.997893
3.883000	 4.997897
3.884000	 4.997901
3.885000	 4.997905
3.886000	 4.997909
3.887000	 4.997914
3.888000	 4.997918
3.889000	 4.997922
3.890000	 4.997926
3.891000	 4.997930
3.892000	 4.997934
3.893000	 4.997939
3.894000	 4.997943
3.895000	 4.997947
3.896000	 4.997951
3.897000	 4.997955
3.898000	 4.997959
3.899000	 4.997963
3.900000	 4.997967
3.901000	 4.997971
3.902000	 4.997975
3.903000	 4.997979
3.904000	 4.997983
3.905000	 4.997988
3.906000	 4.997992
3.907000	 4.997996
3.908000	 4.998000
3.909000	 4.998004
3.910000	 4.998008
3.911000	 4.998012
3.912000	 4.998016
3.913000	 4.998019
3.914000	 4.998023
3.915000	 4.998027
3.916000	 4.998031
3.917000	 4.998035
3.918000	 4.998039
3.919000	 4.998043
3.920000	 4.998047
3.921000	 4.998051
3.922000	 4.998055
3.923000	 4.998059
3.924000	 4.998063
3.925000	 4.998066
3.926000	 4.998070
3.927000	 4.998074
3.928000	 4.998078
3.929000	 4.998082
3.930000	 4.998086
3.931000	 4.998090
3.932000	 4.998093
3.933000	 4.998097
3.934000	 4.998101
3.935000	 4.998105
3.936000	 4.998109
3.937000	 4.998112
3.938000	 4.998116
3.939000	 4.998120
3.940000	 4.998124
3.941000	 4.998127
3.942000	 4.998131
3.943000	 4.998135
3.944000	 4.998139
3.945000	 4.998142
3.946000	 4.998146
3.947000	 4.998150
3.948000	 4.998154
3.949000	 4.998157
3.950000	 4.998161
3.951000	 4.998165
3.952000	 4.998168
3.953000	 4.998172
3.954000	 4.998176
3.955000	 4.998179
3.956000	 4.998183
3.957000	 4.998186
3.958000	 4.998190
3.959000	 4.998194
3.960000	 4.998197
3.961000	 4.998201
3.962000	 4.998205
3.963000	 4.998208
3.964000	 4.998212
3.965000	 4.998215
3.966000	 4.998219
3.967000	 4.998222
3.968000	 4.998226
3.969000	 4.998230
3.970000	 4.998233
3.971000	 4.998237
3.972000	 4.998240
3.973000	 4.998244
3.974000	 4.998247
3.975000	 4.998251
3.976000	 4.998254
3.977000	 4.998258
3.978000	 4.998261
3.979000	 4.998265
3.980000	 4.998268
3.981000	 4.998272
3.982000	 4.998275
3.983000	 4.998278
3.984000	 4.998282
3.985000	 4.998285
3.986000	 4.998289
3.987000	 4.998292
3.988000	 4.998296
3.989000	 4.998299
3.990000	 4.998302
3.991000	 4.998306
3.992000	 4.998309
3.993000	 4.998313
3.994000	 4.998316
3.995000	 4.998319
3.996000	 4.998323
3.997000	 4.998326
3.998000	 4.998329
3.999000	 4.998333
